0.
0.
0.
0.
0.
0.
0.
0.
0.
0.
0.
0.
0.
0.
0.
0.
0.
0.
0.
0.
0.
0.
0.
0.
0.
0.
0.
0.
0.
2.5353205397504537e-307
3.154652273216974e-307
2.681983201932308e-307
3.0901708570036987e-307
2.6024768748998304e-307
2.9750660397282727e-307
2.9992961238966717e-307
2.815297997724013e-307
2.814538896192676e-307
2.6187574772141455e-307
2.596279828968944e-307
2.3945664622192484e-307
3.2159221738133182e-307
3.415539990733848e-307
2.8623595290467616e-307
2.9777846338383502e-307
1.4100624786661725e-307
0.
0.
0.
0.
0.
0.
0.
0.
0.
0.
0.
0.
0.
0.
0.
0.
0.
0.
0.
0.
0.
0.
0.
0.
0.
0.
0.
0.
0.
0.
0.
0.
0.
0.
0.
0.
0.
0.
0.
0.
0.
0.
0.
0.
0.
0.
0.
0.
0.
0.
0.
4.303726784262362e-307
4.593250969688406e-307
4.043828523263937e-307
4.537351460262528e-307
4.9755376055022074e-307
4.525434892389075e-307
5.087775357629588e-307
4.3850273984157184e-307
4.592335638708735e-307
5.685909243062494e-307
4.361271894119748e-307
4.695892491735527e-307
4.183420542723675e-307
4.619740275293495e-307
6.234242351174499e-307
4.006822876427152e-307
4.879485754967637e-307
6.343944237573273e-307
4.830758072519853e-307
5.7627264973725145e-307
5.855817013261051e-307
4.869163409821899e-307
0.
0.
0.
0.
0.
0.
0.
0.
0.
0.
0.
0.
0.
0.
0.
0.
0.
0.
0.
0.
0.
0.
5.415335601082767e-307
6.758860060639546e-307
7.586242448951111e-307
7.203729450337425e-307
5.565538025188771e-307
5.578467387129646e-307
6.8932258073461305e-307
7.653528470143911e-307
7.181182364874226e-307
8.064586580154924e-307
5.4238971786098444e-307
6.635962150204082e-307
7.288720754891465e-307
6.757943299585875e-307
7.510188498037225e-307
8.943175418709325e-307
4.366336953490076e-307
6.553507144133202e-307
1.846105318095219e-155
1.0591462890897104e-154
3.2803932545918186e-154
8.450684481506811e-154
2.0242212161395215e-153
4.6719782379500943e-153
1.0600397434238187e-152
2.382038469857886e-152
5.323501412130527e-152
1.185275837857429e-151
2.6323962988645602e-151
5.8330701655122504e-151
1.289926623674456e-150
2.8470925063459335e-150
6.272310283025893e-150
1.3792888898824485e-149
3.027543232134368e-149
6.633416131273425e-149
1.4507717778580822e-148
3.1672108310902826e-148
6.901983357349362e-148
1.5013848528720182e-147
3.2601116766012363e-147
7.066386771121455e-147
1.5289331878686674e-146
3.302232217664907e-146
7.119614638478057e-146
1.5322757043052697e-145
3.291930464662068e-145
7.059914930673869e-145
1.5114198446626067e-144
3.230050885042317e-144
6.890868331304844e-144
1.4675085155045393e-143
3.119831527889052e-143
6.621055504289728e-143
1.402718818277331e-142
2.9666277726737123e-142
6.263343932406501e-142
1.3200851731329177e-141
2.777485856985979e-141
5.833882593111084e-141
1.2232666909277692e-140
2.560613084231081e-140
5.350912121784254e-140
1.1162832927540285e-139
2.3247993451625634e-139
4.8335104298619265e-139
1.003246536468723e-138
2.0788453664150468e-138
4.3003904675007736e-138
8.881093851943913e-138
1.8310473093492627e-137
3.7688502084522283e-137
7.744547696261693e-137
1.5887763707072443e-136
3.2539484918241394e-136
6.653366052323233e-136
1.3581778813634944e-135
2.7679486334621884e-135
5.631799419319817e-135
1.143999273399319e-134
2.320039454943405e-134
4.697401427578601e-134
9.495422423268894e-134
1.9163147282804077e-133
3.8611523450633074e-133
7.767230716436254e-133
1.559970026781905e-132
3.128014019312485e-132
6.262173859534813e-132
1.2516622242614012e-131
2.4977925210024387e-131
4.976618636141368e-131
9.899716028490048e-131
1.9661790933414317e-130
3.898853837740071e-130
7.719087390861866e-130
1.5258493578569028e-129
3.011449817923073e-129
5.934162569817221e-129
1.1675208676930433e-128
2.2934687493351596e-128
4.4982700324520754e-128
8.808953003849214e-128
1.7223867977511787e-127
3.3625306681391687e-127
6.554393850584867e-127
1.2756486344633306e-126
2.478925028012221e-126
4.80984452334399e-126
9.31827525591268e-126
1.8025130115610938e-125
3.4814581579350676e-125
6.714062321628031e-125
1.2928629439803412e-124
2.485787790414502e-124
4.772232170073638e-124
9.148007938615625e-124
1.75097706635223e-123
3.346453824249182e-123
6.386180122251704e-123
1.2168888984585745e-122
2.315344508346548e-122
4.3988253715510294e-122
8.344795770913616e-122
1.5807168047145073e-121
2.9898766330002923e-121
5.64696087297566e-121
1.064976601011384e-120
2.005536610234892e-120
3.7712717155715345e-120
7.081303552597085e-120
1.3277252380746294e-119
2.48584629081394e-119
4.647429813346941e-119
8.676116196867791e-119
1.6173844801016339e-118
3.0107729912233965e-118
5.5965580553112025e-118
1.038828143721108e-117
1.9255177189481865e-117
3.5639686428748e-117
6.587250693134036e-117
1.2157937013434687e-116
2.2407963060115483e-116
4.124136914217719e-116
7.57972380485296e-116
1.3911203453983345e-115
2.54957880421594e-115
4.666228388238443e-115
8.528226990357525e-115
1.5564963630089606e-114
2.836844015177691e-114
5.1632383662403525e-114
9.384467777317904e-114
1.7033317899803467e-113
3.087396189448194e-113
5.588436946649614e-113
1.0101702986996299e-112
1.823502861995096e-112
3.2872087202933973e-112
5.917774987043471e-112
1.0639012231465832e-111
1.910104882150693e-111
3.4247392988122205e-111
6.132161205991475e-111
1.0965203514800883e-110
1.958115287391285e-110
3.49204302067228e-110
6.21930726129609e-110
1.1061827295316185e-109
1.9648775691727313e-109
3.4855330277688325e-109
6.174891325650531e-109
1.0924892275418895e-108
1.9303410779762844e-108
3.4062874935900058e-108
6.002887658184131e-108
1.0565063393306154e-107
1.857027259610129e-107
3.259868128152321e-107
5.715031975225542e-107
1.000634499890957e-106
1.7497328590656163e-106
3.0556863903546255e-106
5.329517043502997e-106
9.283468276719501e-106
1.6150176289864811e-105
2.8060161212602172e-105
4.869117062519822e-105
8.438372664658665e-105
1.4605515389503893e-104
2.5247945148110885e-104
4.359005512670489e-104
7.516268528615385e-104
1.2944101291289136e-103
2.2263709081027506e-103
3.824550377832944e-103
6.561781332195993e-103
1.1244052567348708e-102
1.9243540121473462e-102
3.289344046846214e-102
5.615612049346609e-102
9.575238357622314e-102
1.6306772845308554e-101
2.773662462820582e-101
4.7120249588669556e-101
7.995233719809921e-101
1.3549571899329635e-100
2.2934645400008844e-100
3.87732089851858e-100
6.547054169475844e-100
1.1041696443051445e-99
1.859955525260403e-99
3.1293014851307223e-99
5.25861703371025e-99
8.826248898205001e-99
1.4796618638149197e-98
2.4776027089016477e-98
4.1436676954095094e-98
6.921869777742788e-98
1.1549105972854063e-97
1.9246906048531733e-97
3.203777029099285e-97
5.326643272111424e-97
8.845779075156656e-97
1.4672728481018833e-96
2.4309675290999373e-96
4.022926376118319e-96
6.649681179979265e-96
1.097884198480516e-95
1.8105493826344773e-95
2.982383573440821e-95
4.9070113016333624e-95
8.064402630936405e-95
1.3238234761570168e-94
2.170660130925162e-94
3.555155467419246e-94
5.816095382496926e-94
9.504116136190839e-94
1.55131636406394e-93
2.5292896589375123e-93
4.119148480401756e-93
6.7008228259184915e-93
1.0888342055185118e-92
1.7672965486937117e-92
2.8653143439448306e-92
4.640357117093772e-92
7.506680546937597e-92
1.2130060682407797e-91
1.9579321121655442e-91
3.1568431713149185e-91
5.084288775019461e-91
8.179567417128411e-91
1.3144815209182574e-90
2.110103466783752e-90
3.3836016364766413e-90
5.419784281281965e-90
8.671878064513334e-90
1.3860337194810013e-89
2.2129162782129817e-89
3.5292937347847e-89
5.622679624644809e-89
8.948137694863554e-89
1.4225149441060674e-88
2.2590037185682598e-88
3.583554806390481e-88
5.678703817341392e-88
8.989251050293659e-88
1.4214709413052883e-87
2.245399931715241e-87
3.5431678147986463e-87
5.585127481917165e-87
8.794656066485275e-87
1.3834073522205281e-86
2.173841092706628e-86
3.412345895320293e-86
5.350900559248476e-86
8.382051618425275e-86
1.3116695479230744e-85
2.0504549352039956e-85
3.202054658179861e-85
4.995293394758654e-85
7.78481034108855e-85
1.2119672118834645e-84
1.8849095987625771e-84
2.9285188374234502e-84
4.545319076055518e-84
7.047589533317967e-84
1.0916356581410343e-83
1.6891830711357694e-83
2.611190941740088e-83
4.0324078317242115e-83
6.220928083209027e-83
9.587642347580515e-83
1.4761666212369684e-82
2.2705279111265394e-82
3.4888894712825055e-82
5.355715158866297e-82
8.213317559489105e-82
1.2583215338755425e-81
1.9259166977662455e-81
2.9448095069399217e-81
4.498334358810705e-81
6.864707811633025e-81
1.0465721003049495e-80
1.5940208432207995e-80
2.425479211061865e-80
3.6870650894331275e-80
5.5994414317823806e-80
8.495525098342624e-80
1.287710774384768e-79
1.9499791756445744e-79
2.9500278584116145e-79
4.458694503278434e-79
6.732490136246592e-79
1.0156196520880382e-78
1.530646053798483e-78
2.304664509534912e-78
3.46681649522334e-78
5.210088972995561e-78
7.82260698220757e-78
1.1734130317036632e-77
1.758507656638511e-77
2.6328887870694375e-77
3.938370712295335e-77
5.885690597007965e-77
8.787714673688743e-77
1.310850237001337e-76
1.9535734299430578e-76
2.908753090882533e-76
4.3269846024374517e-76
6.430816730781755e-76
9.548829139476619e-76
1.416570622710021e-75
2.0995748871164045e-75
3.10906961743725e-75
4.5997726776976805e-75
6.799078282403745e-75
1.004089362485631e-74
1.4815088267801404e-74
2.183969513258387e-74
3.2166236220493913e-74
4.733323242446472e-74
6.958974004440194e-74
1.0222056760701837e-73
1.5001900262489494e-73
2.199733440798592e-73
3.222630566047465e-73
4.7170290447608256e-73
6.898346774399176e-73
1.007954238291354e-72
1.4714882738420313e-72
2.1463170069582295e-72
3.12790007798733e-72
4.554436880421836e-72
6.625828410954387e-72
9.63097439493054e-72
1.398703565138866e-71
2.029585761562977e-71
2.94249860034393e-71
4.262389292598951e-71
6.169057314185077e-71
8.92101352298042e-71
1.2889620826677503e-70
1.860790532824347e-70
2.684028255626461e-70
3.868207610257275e-70
5.5701437933081e-70
8.014156527788425e-70
1.1520858884528416e-69
1.6548108306642826e-69
2.3749209013443575e-69
3.4055563964574916e-69
4.879394903176642e-69
6.985277359925687e-69
9.99175935831739e-69
1.4280444567593735e-68
2.0393124260302552e-68
2.9098386106985367e-68
4.14856557429887e-68
5.9097860092545495e-68
8.41184204127573e-68
1.1963460901364163e-67
1.7000815193425974e-67
2.413963261023333e-67
3.4248406822673544e-67
4.855117077720248e-67
6.877165290111296e-67
9.733531630322367e-67
1.3765229463525147e-66
1.9451329729602083e-66
2.7464314570407155e-66
3.874740829309656e-66
5.462252522447386e-66
7.694083631813815e-66
1.0829261393118245e-65
1.5229946082010568e-65
2.140209452577572e-65
3.0051998524956384e-65
4.21648338222674e-65
5.911370267606455e-65
8.28108893951647e-65
1.1591750645431313e-64
1.6213384561362753e-64
2.2660118918464746e-64
3.1645743711732045e-64
4.4160483641511876e-64
6.157699599730793e-64
8.5796605622257e-64
1.1945089586557585e-63
1.6617939676731297e-63
2.3101180301231126e-63
3.2089366772048924e-63
4.4540887849567105e-63
6.177718218852952e-63
8.56188872706878e-63
1.185725272041615e-62
1.640863062251037e-62
2.269003244752752e-62
3.135257101250855e-62
4.3289963098893e-62
5.9728007725600135e-62
8.234672724491816e-62
1.1344697018321019e-61
1.5617749187955436e-61
2.1484423721389674e-61
2.953312705538281e-61
4.056732333410879e-61
5.568333033918324e-61
7.637596504827213e-61
1.0468190335682955e-60
1.4337407518286808e-60
1.9622507097410397e-60
2.683637992412634e-60
3.667580570453398e-60
5.008669921022945e-60
6.835226300079938e-60
9.321200272194524e-60
1.2702229443744608e-59
1.7297285559444263e-59
2.35378374147885e-59
3.2007110976308557e-59
4.349290502347544e-59
5.905859214049932e-59
8.013849884301346e-59
1.0866594500110981e-58
1.4724500404970962e-58
1.9938075061599146e-58
2.6978769449645066e-58
3.648026611972608e-58
4.9293710137442284e-58
6.656153979720166e-58
8.981611205348246e-58
1.2111135792912109e-57
1.631984078354759e-57
2.197597096129168e-57
2.9572090503001293e-57
3.976660047189591e-57
5.343896957476725e-57
7.176315730096423e-57
9.630515502530459e-57
1.2915247886795398e-56
1.7308596374147477e-56
2.3180752217169276e-56
3.1024189465007677e-56
4.149361585965534e-56
5.5458831003604565e-56
7.407461477466692e-56
9.887307085282974e-56
1.318855584051481e-55
1.7580358473867084e-55
2.341909665362222e-55
3.1176341025053276e-55
4.14756691011667e-55
5.514111855315497e-55
7.326091083712189e-55
9.727120242409929e-55
1.2906608565466957e-54
1.711419716314459e-54
2.2678697753384497e-54
3.003291839856228e-54
3.9746184977893157e-54
5.256691628524523e-54
6.94783245421244e-54
9.177124055832127e-54
1.2113926686074944e-53
1.5980302434857372e-53
2.1067228364019637e-53
2.775573970016694e-53
3.6544484559897013e-53
4.808561152962283e-53
6.323148026783908e-53
8.3095420504695885e-53
1.0913071442400771e-52
1.4323320318553985e-52
1.8787449956717656e-52
2.4627482718298807e-52
3.226271330161054e-52
4.223875014692099e-52
5.526512491886224e-52
7.226396750725668e-52
9.44329630347539e-52
1.2332673084951612e-51
1.609619508016407e-51
2.0995308254392232e-51
2.736874726982683e-51
3.5655114179640956e-51
4.642197400150615e-51
6.040332516197533e-51
7.854782593528115e-51
1.0208082655742428e-50
1.3258411058238295e-50
1.7209833897171856e-50
2.232545807717083e-50
2.8944308677348297e-50
3.750297209522254e-50
4.856333401799341e-50
6.284810722195248e-50
8.128630961770611e-50
1.050714445202574e-49
1.35735886568705e-49
1.752459306916521e-49
2.2612317187412497e-49
2.9159941822097097e-49
3.7581428471207224e-49
4.84067078260302e-49
6.2313770250377125e-49
8.016952548224752e-49
1.0308179743931799e-48
1.324654500410577e-48
1.7012643555164835e-48
2.1836856101686873e-48
2.801290348076979e-48
3.591504517219532e-48
4.6019888635614306e-48
5.893402968614564e-48
7.542906279364053e-48
9.648590097402689e-48
1.2335084870067724e-47
1.5760650409393344e-47
2.0126136116423507e-47
2.568629798279724e-47
3.2764084164903895e-47
4.1768657624128606e-47
5.321812061368463e-47
6.776815153047766e-47
8.62480721246107e-47
1.0970624756180318e-46
1.3946720239342173e-46
1.7720343576380334e-46
2.2502566858048727e-46
2.8559619041056087e-46
3.6227113988592335e-46
4.5927900565068905e-46
5.819444451194632e-46
7.369687719762724e-46
9.327812675079743e-46
1.1799789580759007e-45
1.49187683529264e-45
1.885195879571499e-45
2.3809229323057247e-45
3.0053847565970045e-45
3.7915889133922094e-45
4.780896830711232e-45
6.02511023992609e-45
7.589071711576554e-45
9.55390422702928e-45
1.2021044658524397e-44
1.5117263036669187e-44
1.9000905206458306e-44
2.3869652933005544e-44
2.9970165200931176e-44
3.761005040786098e-44
4.717272512682911e-44
5.913584569751669e-44
7.409415973222242e-44
9.278782258852403e-44
1.1613746741475274e-43
1.4528761685858895e-43
1.8166039259318296e-43
2.2702193092868364e-43
2.8356446784169603e-43
3.5400773786231792e-43
4.4172416659332004e-43
5.508933605936187e-43
6.8669265287954285e-43
8.555319985104857e-43
1.0653433949095966e-42
1.3259373015698831e-42
1.649441345900494e-42
2.0508400384562675e-42
2.5486384181483113e-42
3.165677672127491e-42
3.930137027285103e-42
4.8767638352856763e-42
6.048383067392546e-42
7.497748758886002e-42
9.289813731651484e-42
1.1504510705884734e-41
1.4240158327453212e-41
1.7617630460511908e-41
2.178545726188453e-41
2.692606319682618e-41
3.32633916431756e-41
4.1072219715278487e-41
5.068953241528064e-41
6.252840459492554e-41
7.70949353888593e-41
9.500889626066943e-41
1.1702889480149039e-40
1.440830270167843e-40
1.773061971408693e-40
2.1808553338551163e-40
2.6811562929933387e-40
3.2946570421837863e-40
4.046612153907848e-40
4.96782984092376e-40
6.095875368117479e-40
7.476531324483238e-40
9.165568738947407e-40
1.1230894190861015e-39
1.3755151505781989e-39
1.683887279458716e-39
2.0604293033273785e-39
2.5199965743226193e-39
3.0806345395619056e-39
3.764253585946617e-39
4.597444465158071e-39
5.612463125539782e-39
6.848419593691795e-39
8.352712518888921e-39
1.0182759342961407e-38
1.2408082055361717e-38
1.5112820457320583e-38
1.839875917075636e-38
2.238897173960923e-38
2.723220562214505e-38
3.310815630263806e-38
4.023380792066694e-38
4.887105262956115e-38
5.933584242560221e-38
7.200917670937462e-38
8.735028786094469e-38
1.0591245742167963e-37
1.2836197920030958e-37
1.5550088527267765e-37
1.882941694009262e-37
2.2790238338034743e-37
2.7572064939974877e-37
3.33425330600021e-37
4.030298384616105e-37
4.869513363226912e-37
5.880904313543381e-37
7.0992634228290376e-37
8.56630498371867e-37
1.0332020799922039e-36
1.24562966825765e-36
1.5010839492014221e-36
1.8081473386573826e-36
2.1770874830625083e-36
2.6201828790629682e-36
3.152110376627372e-36
3.79040612816254e-36
4.55601366900153e-36
5.473935320312172e-36
6.574006061687349e-36
7.891812506968768e-36
9.469783726467399e-36
1.1358485501106023e-35
1.3618155297277326e-35
1.6320521965662707e-35
1.955096206870126e-35
2.3411054035894954e-35
2.802160227449247e-35
3.3526216207283734e-35
4.009554429855113e-35
4.7932280848948243e-35
5.727708413971542e-35
6.841556891169077e-35
8.1686564787568e-35
9.749186580246974e-35
1.1630773553147895e-34
1.3869847836608268e-34
1.6533244142651021e-34
1.9700087472384223e-34
2.3464015103965866e-34
2.7935793336038068e-34
3.324639786663129e-34
3.955063848514284e-34
4.703142253475459e-34
5.590476769131528e-34
6.642569338117467e-34
7.889514206534816e-34
9.366810716114092e-34
1.1116317414792713e-33
1.3187371609773555e-33
1.5638102528065678e-33
1.8536970954147294e-33
2.1964573689699653e-33
2.6015757550818217e-33
3.080209501853668e-33
3.645478228748265e-33
4.312803043069758e-33
5.100303204865729e-33
6.029259924384391e-33
7.12465844223223e-33
8.415821360656129e-33
9.937148295207623e-33
1.1728979366993499e-32
1.3838602876891805e-32
1.6321430781854534e-32
1.924236939796301e-32
2.2677417128791062e-32
2.6715526117323465e-32
3.1460770586116123e-32
3.703487142811061e-32
4.3580134461787246e-32
5.126286883454907e-32
6.027736253220666e-32
7.085050404253749e-32
8.324715317155848e-32
9.777638010202047e-32
1.1479871033728375e-31
1.3473453455591987e-31
1.580738670415016e-31
1.8538766472381745e-31
2.1734095153561177e-31
2.5470803038189895e-31
2.9839010826732414e-31
3.4943570986096813e-31
4.090643119509436e-31
4.786936969389355e-31
5.599715989934686e-31
6.5481230313804786e-31
7.654389570225418e-31
8.944324692621134e-31
1.0447879991460176e-30
1.2199801926256802e-30
1.424038491543728e-30
1.661634040194512e-30
1.9381799390888444e-30
2.2599468542976685e-30
2.6341962866127245e-30
3.069334143257136e-30
3.575087642017959e-30
4.1627090202715524e-30
4.845210027220742e-30
5.637631755561008e-30
6.55735502880096e-30
7.624457313941496e-30
8.862122989143277e-30
1.029711477703067e-29
1.1960315273092683e-29
1.3887348774096372e-29
1.611929506501908e-29
1.8703508478948472e-29
2.1694557430293845e-29
2.5155301768558531e-29
2.9158127743270414e-29
3.3786363150260637e-29
3.9135898390643416e-29
4.531704276754894e-29
5.245664942988554e-29
6.070054701226131e-29
7.021632128975637e-29
8.119649614848372e-29
9.386216996245041e-29
1.084671711698264e-28
1.25302805577765e-28
1.4470327782897401e-28
1.6705188068845388e-28
1.927880585266065e-28
2.2241546577875143e-28
2.5651115746959463e-28
2.95736067349738e-28
3.408469500755421e-28
3.9270998748639027e-28
4.523162857421801e-28
5.207995202747826e-28
5.994560196193284e-28
6.897676177251708e-28
7.934276478567641e-28
9.123705003122611e-28
1.0488052216113344e-27
1.2052536953295345e-27
1.384594015263876e-27
1.5901097411035744e-27
1.825545816357612e-27
2.0951720292138875e-27
2.4038550106643554e-27
2.7571398922006433e-27
3.161342889409938e-27
3.623656239858025e-27
4.152267105917735e-27
4.756492258155149e-27
5.446930585271245e-27
6.235635735459441e-27
7.136311484863441e-27
8.164532755386972e-27
9.337995570717607e-27
1.0676799650885402e-26
1.2203767807271389e-26
1.394480681771831e-26
1.5929315041843966e-26
1.819064268730738e-26
2.0766611366787335e-26
2.3700100402078787e-26
2.703970824613869e-26
3.084049841764378e-26
3.5164840488210257e-26
4.008335794415409e-26
4.5675996178049796e-26
5.20332254681035e-26
5.925739559467053e-26
6.746426074494781e-26
7.678469559270202e-26
8.736662593679205e-26
9.937720006954644e-26
1.1300523015685442e-25
1.2846393638225624e-25
1.4599403047833185e-25
1.6586717958452737e-25
1.8838989618163844e-25
2.139079052138222e-25
2.4281104548129624e-25
2.755387690374024e-25
3.125863097285647e-25
3.5451160025637367e-25
4.019430263110933e-25
4.555881165251412e-25
5.162432783377145e-25
5.848047024695669e-25
6.622805727202777e-25
7.498047333677958e-25
8.486519837424947e-25
9.602551887462962e-25
1.0862244154014303e-24
1.2283683291629944e-24
1.3887181099691885e-24
1.5695541771006143e-24
1.7734360441870595e-24
2.003235661461135e-24
2.2621746419883325e-24
2.5538658125025394e-24
2.882359578097092e-24
3.2521956438460282e-24
3.66846069601326e-24
4.136852711428576e-24
4.663752636542917e-24
5.256304258315338e-24
5.9225031782575776e-24
6.671295899503739e-24
7.51269014567469e-24
8.457877650581243e-24
9.519370790660462e-24
1.0711154578682404e-23
1.2048855699141508e-23
1.3549930444332493e-23
1.5233873607140814e-23
1.7122450603829443e-23
1.9239955339654104e-23
2.1613496594118855e-23
2.4273315993607975e-23
2.7253140959578276e-23
3.0590576373369825e-23
3.432753908726662e-23
3.8510739839029286e-23
4.3192217597734046e-23
4.8429931886349177e-23
5.42884191958158e-23
6.083952023126845e-23
6.816318541906358e-23
7.634836685923354e-23
8.549400573858979e-23
9.571012513175071e-23
1.071190391190341e-22
1.1985669024937692e-22
1.3407412858304608e-22
1.4993914687236952e-22
1.6763808789058977e-22
1.8737784151067419e-22
2.0938805088117628e-22
2.3392354895843993e-22
2.612670487502488e-22
2.917321129208364e-22
3.2566643092112656e-22
3.634554345593428e-22
4.055262859393868e-22
4.523522749895254e-22
5.044576674094658e-22
5.624230478062641e-22
6.268912071008521e-22
6.985736279986153e-22
7.782576274675994e-22
8.66814220793069e-22
9.652067779228989e-22
1.074500549527281e-21
1.195873147522526e-21
1.3306260728020978e-21
1.4801973916429257e-21
1.6461756717688963e-21
1.830315299433152e-21
2.0345533101933956e-21
2.261027878389919e-21
2.5120986237737014e-21
2.790368908378752e-21
3.0987103126746684e-21
3.440289497412599e-21
3.818597676475037e-21
4.23748294662469e-21
4.701185742435188e-21
5.2143777090479494e-21
5.782204311887165e-21
6.410331531274676e-21
7.10499702119242e-21
7.873066145474936e-21
8.722093341680995e-21
9.660389303061577e-21
1.0697094512647273e-20
1.1842259710840072e-20
1.3106933929282475e-20
1.4503260779567003e-20
1.6044583745846012e-20
1.7745561296058838e-20
1.9622292697649004e-20
2.1692455500828825e-20
2.3975455736069348e-20
2.6492591963141787e-20
2.9267234407203663e-20
3.232502052379691e-20
3.5694068449741406e-20
3.940520992162592e-20
4.3492244378469473e-20
4.799221611119817e-20
5.2945716479461174e-20
5.839721338721792e-20
6.439541039319047e-20
7.099363803202694e-20
7.825028013781068e-20
8.622923818771509e-20
9.500043698436486e-20
1.0464037512364427e-19
1.1523272422430151e-19
1.268689809811643e-19
1.3964917658281373e-19
1.5368264835930706e-19
1.6908887893018738e-19
1.8599840855311412e-19
2.0455382683670144e-19
2.249108505031847e-19
2.4723949427305775e-19
2.7172534297258323e-19
2.9857093285483823e-19
3.279972515227185e-19
3.6024536613926083e-19
3.955781905323791e-19
4.342824026212532e-19
4.766705244963851e-19
5.230831784578492e-19
5.738915333633654e-19
6.294999567626487e-19
6.90348889505275e-19
7.569179608092017e-19
8.297293631758307e-19
9.093515080384928e-19
9.964029846455072e-19
1.0915568464107873e-18
1.1955452508264134e-18
1.3091644810276365e-18
1.4332803792457902e-18
1.568834224682971e-18
1.716849090811645e-18
1.8784367197473185e-18
2.0548049541819166e-18
2.2472657704065283e-18
2.457243959215565e-18
2.686286504976793e-18
2.936072716899009e-18
3.2084251705373105e-18
3.505321521874618e-18
3.828907260913847e-18
4.181509476643122e-18
4.565651710501247e-18
4.984069981114185e-18
5.4397300691003985e-18
5.935846157200706e-18
6.475900927881521e-18
7.063667227943569e-18
7.703231417545896e-18
8.399018529489231e-18
9.155819373597291e-18
9.978819730661933e-18
1.0873631790679888e-17
1.1846328001086593e-17
1.2903477502393236e-17
1.4052185341140066e-17
1.5300134663404827e-17
1.665563210634983e-17
1.812765662045036e-17
1.9725911971257515e-17
2.1460883186781247e-17
2.334389723501043e-17
2.5387188235664048e-17
2.760396753119908e-17
3.000849896432972e-17
3.261617973306197e-17
3.54436272194689e-17
3.850877221535699e-17
4.18309589965592e-17
4.5431052728102866e-17
4.9331554714869704e-17
5.355672604690896e-17
5.813272022519118e-17
6.308772539267129e-17
6.845211683694437e-17
7.425862047493745e-17
8.054248807689323e-17
8.734168503675379e-17
9.469709154891449e-17
1.0265271810757942e-16
1.112559363045586e-16
1.20557725964813e-16
1.3061293972623041e-16
1.414805862416276e-16
1.532241332566217e-16
1.6591183189755021e-16
1.7961706358872832e-16
1.9441871110895463e-16
2.104015553928693e-16
2.276566997846334e-16
2.4628202355896507e-16
2.6638266663893324e-16
2.8807154756070465e-16
3.1146991686383794e-16
3.3670794822118707e-16
3.6392536976650573e-16
3.9327213822974065e-16
4.249091586513634e-16
4.590090526172469e-16
4.957569781364281e-16
5.35351504474321e-16
5.780055454564854e-16
6.23947354970877e-16
6.734215886226965e-16
7.26690435734161e-16
7.840348261340558e-16
8.457557164479539e-16
9.121754608820518e-16
9.836392717904205e-16
1.0605167756301452e-15
1.143203670239862e-15
1.232123489727989e-15
1.3277294836260117e-15
1.4305066173528392e-15
1.5409737014470156e-15
1.6596856574590015e-15
1.7872359288522253e-15
1.9242590457463894e-15
2.0714333528438645e-15
2.2294839104191034e-15
2.3991855788143707e-15
2.5813662974843587e-15
2.7769105702575874e-15
2.9867631691473387e-15
3.211933069739347e-15
3.4534976319203736e-15
3.712607040482009e-15
3.990489020950812e-15
4.288453846849092e-15
4.607899655495686e-15
4.950318090400138e-15
5.317300289305934e-15
5.710543237982384e-15
6.1318565109740184e-15
6.583169421669765e-15
7.066538605280462e-15
7.584156059587846e-15
8.138357669681852e-15
8.731632244311736e-15
9.36663109296827e-15
1.0046178174370624e-14
1.0773280848675606e-14
1.1551141267443384e-14
1.2383168437205742e-14
1.3272990994372559e-14
1.4224470731211756e-14
1.5241716914713704e-14
1.6329101442354317e-14
1.7491274881056106e-14
1.87331834380659e-14
2.0060086914984844e-14
2.1477577698842404e-14
2.299160084687206e-14
2.4608475324565863e-14
2.6334916459616785e-14
2.817805967757212e-14
3.014548558833513e-14
3.224524649618824e-14
3.4485894409640436e-14
3.687651063127627e-14
3.942673701176649e-14
4.214680895643671e-14
4.504759027716087e-14
4.8140609986973244e-14
5.1438101139585385e-14
5.4953041821053855e-14
5.869919840607184e-14
6.269117119691791e-14
6.694444256877897e-14
7.147542775125033e-14
7.630152838202992e-14
8.144118897546105e-14
8.691395645535665e-14
9.274054290878713e-14
9.894289172490523e-14
1.0554424729078754e-13
1.125692284243191e-13
1.2004390573277714e-13
1.2799588309452785e-13
1.3645438347063842e-13
1.4545033926276103e-13
1.550164874438485e-13
1.6518746969864727e-13
1.7599993782203263e-13
1.8749266463452696e-13
1.9970666068642042e-13
2.1268529703419484e-13
2.264744343860201e-13
2.411225589264912e-13
2.5668092514489403e-13
2.7320370600588e-13
2.907481508167258e-13
3.093747511611537e-13
3.291474152863281e-13
3.501336513467119e-13
3.7240475992651816e-13
3.960360362809696e-13
4.211069827561586e-13
4.4770153186721994e-13
4.759082805358207e-13
5.058207360094179e-13
5.375375740078175e-13
5.711629096657706e-13
6.068065818652135e-13
6.44584451575881e-13
6.846187148498974e-13
7.270382311430209e-13
7.719788676642424e-13
8.195838604847164e-13
8.700041931681952e-13
9.233989937167669e-13
9.799359506594143e-13
1.0397917491447911e-12
1.1031525279479257e-12
1.170214358253649e-12
1.241183745371112e-12
1.3162781541488539e-12
1.3957265593222443e-12
1.4797700218632215e-12
1.5686622923668856e-12
1.6626704428283831e-12
1.7620755279202076e-12
1.8671732771075236e-12
1.978274818931103e-12
2.0957074388483334e-12
2.219815372079481e-12
2.3509606329621197e-12
2.4895238823775426e-12
2.635905334872803e-12
2.7905257071672193e-12
2.9538272097963837e-12
3.1262745837166172e-12
3.308356183761386e-12
3.5005851109163738e-12
3.703500395452958e-12
3.917668233040681e-12
4.143683276037019e-12
4.382169982239807e-12
4.6337840234702276e-12
4.899213756447455e-12
5.179181758504848e-12
5.474446430796086e-12
5.7858036717355765e-12
6.114088623521855e-12
6.460177494695403e-12
6.824989461793831e-12
7.20948865327668e-12
7.614686219011579e-12
8.041642488728839e-12
8.491469222980335e-12
8.965331960260995e-12
9.464452464087836e-12
9.990111273961684e-12
1.0543650364284676e-11
1.1126475915441589e-11
1.1740061201412635e-11
1.238594959842917e-11
1.3065757719352173e-11
1.3781178678607413e-11
1.4533985492689273e-11
1.5326034621409352e-11
1.615926965525592e-11
1.7035725154402662e-11
1.7957530645108448e-11
1.8926914779432912e-11
1.9946209664407148e-11
2.101785536699284e-11
2.2144404601392727e-11
2.3328527605479682e-11
2.4573017213354006e-11
2.5880794131256123e-11
2.7254912424318792e-11
2.869856522187442e-11
3.02150906493017e-11
3.1807977994642526e-11
3.3480874118507825e-11
3.523759011604477e-11
3.708210824004823e-11
3.901858909456691e-11
4.1051379108677307e-11
4.3185018300388075e-11
4.542424834097522e-11
4.777402093035563e-11
5.0239506494458053e-11
5.282610321588054e-11
5.5539446409498353e-11
5.838541825501594e-11
6.137015789887697e-11
6.450007193827474e-11
6.778184530045465e-11
7.122245253085362e-11
7.48291695040769e-11
7.860958557210666e-11
8.257161616459985e-11
8.672351585655151e-11
9.107389191909368e-11
9.563171836962937e-11
1.0040635053803374e-10
1.0540754016609253e-10
1.1064545105791339e-10
1.1613067529951394e-10
1.2187425006636953e-10
1.2788767503820643e-10
1.3418293044093118e-10
1.4077249573610898e-10
1.4766936897905435e-10
1.5488708686712274e-10
1.624397455004928e-10
1.7034202187827786e-10
1.7860919615352004e-10
1.8725717467122152e-10
1.9630251381431372e-10
2.0576244468306865e-10
2.1565489863425746e-10
2.2599853370701458e-10
2.3681276196315956e-10
2.4811777777042674e-10
2.599345870579242e-10
2.722850375737953e-10
2.8519185017604807e-10
2.986786511881442e-10
3.127700058519892e-10
3.2749145291163426e-10
3.428695403620896e-10
3.589318623983276e-10
3.7570709760071506e-10
3.9322504839383225e-10
4.1151668182492637e-10
4.3061417165237826e-10
4.50550941905097e-10
4.713617117846399e-10
4.930825421244924e-10
5.157508832711546e-10
5.394056246128521e-10
5.640871456714894e-10
5.898373688561289e-10
6.166998139168717e-10
6.447196541481923e-10
6.739437743915385e-10
7.044208308886623e-10
7.362013130380126e-10
7.693376071081487e-10
8.038840619630665e-10
8.3989705685607e-10
8.774350713497408e-10
9.1655875742132e-10
9.573310138138705e-10
9.998170626953944e-10
1.0440845286890503e-9
1.0902035203397185e-9
1.138246714082904e-9
1.1882894407843538e-9
1.2404097749195064e-9
1.2946886264641413e-9
1.3512098355687534e-9
1.4100602700911462e-9
1.4713299260631036e-9
1.535112031169107e-9
1.6015031513162258e-9
1.6706033003767853e-9
1.7425160531864632e-9
1.8173486618829457e-9
1.8952121756715482e-9
1.9762215641066394e-9
2.060495843979039e-9
2.1481582099021684e-9
2.2393361686908555e-9
2.3341616776297708e-9
2.4327712867293037e-9
2.535306285069912e-9
2.6419128513370693e-9
2.7527422086520197e-9
2.867950783804544e-9
2.9877003709977412e-9
3.1121583002150293e-9
3.241497610324031e-9
3.375897227032202e-9
3.5155421458132223e-9
3.6606236199240343e-9
3.81133935363599e-9
3.967893700804941e-9
4.130497868908681e-9
4.299370128681384e-9
4.4747360294786166e-9
4.65682862050757e-9
4.845888678061184e-9
5.042164938896172e-9
5.245914339898945e-9
5.457402264184436e-9
5.6769027937778066e-9
5.904698969029339e-9
6.141083054917392e-9
6.386356814396388e-9
6.640831788950341e-9
6.904829586513495e-9
7.178682176925681e-9
7.462732195089422e-9
7.757333252002279e-9
8.062850253837615e-9
8.379659729253367e-9
8.7081501651083e-9
9.048722350771416e-9
9.401789731210366e-9
9.76777876905108e-9
1.0147129315800575e-8
1.0540294992432168e-8
1.0947743579650431e-8
1.1369957417330661e-8
1.180743381510592e-8
1.2260685471970382e-8
1.273024090685848e-8
1.3216644899724977e-8
1.3720458943314943e-8
1.4242261706712448e-8
1.4782649508750313e-8
1.5342236804358754e-8
1.5921656681963082e-8
1.6521561373018136e-8
1.7142622773777348e-8
1.7785532979547947e-8
1.845100483167761e-8
1.913977247753113e-8
1.9852591943710755e-8
2.059024172278598e-8
2.1353523373794267e-8
2.214326213678626e-8
2.2960307561684667e-8
2.3805534151739013e-8
2.467984202185217e-8
2.5584157572069634e-8
2.6519434176515936e-8
2.7486652888076297e-8
2.848682315911639e-8
2.9520983578547036e-8
3.059020262553432e-8
3.169557944017102e-8
3.2838244611417046e-8
3.401936098263427e-8
3.5240124475031293e-8
3.6501764929352297e-8
3.7805546966133795e-8
3.915277086487286e-8
4.0544773462437387e-8
4.198292907107198e-8
4.346865041633999e-8
4.500338959536135e-8
4.658863905569549e-8
4.822593259524129e-8
4.99168463835087e-8
5.166300000464347e-8
5.346605752257006e-8
5.532772856864078e-8
5.724976945216685e-8
5.9233984294229124e-8
6.128222618514873e-8
6.33963983660311e-8
6.557845543476646e-8
6.783040457691312e-8
7.01543068218538e-8
7.255227832466025e-8
7.502649167406879e-8
7.757917722700539e-8
8.021262447007645e-8
8.292918340847121e-8
8.573126598270176e-8
8.862134751363536e-8
9.160196817625266e-8
9.467573450259863e-8
9.784532091436545e-8
1.0111347128558687e-7
1.0448300053588831e-7
1.0795679625478495e-7
1.1153782035747847e-7
1.1522911077265495e-7
1.190337831627427e-7
1.2295503267714303e-7
1.2699613573889897e-7
1.3116045186532985e-7
1.354514255230956e-7
1.3987258801823353e-7
1.444275594216483e-7
1.4912005053058909e-7
1.5395386486661353e-7
1.589329007105873e-7
1.640611531752122e-7
1.6934271631565282e-7
1.7478178527875994e-7
1.8038265853262558e-7
1.8614973993289084e-7
1.9208754122958187e-7
1.9820068421991176e-7
2.044939031372169e-7
2.1097204704334803e-7
2.176400822635732e-7
2.2450309486450385e-7
2.3156629317567053e-7
2.3883501035527637e-7
2.4631470700075483e-7
2.540109738046699e-7
2.619295342565963e-7
2.7007624739152387e-7
2.784571105854218e-7
2.870782623985372e-7
2.9594598546704713e-7
3.050667094436526e-7
3.144470139877571e-7
3.240936318057952e-7
3.340134517423937e-7
3.442135219229108e-7
3.547010529480566e-7
3.654834211411441e-7
3.7656817184868246e-7
3.879630227948635e-7
3.996758674906631e-7
4.117147786981144e-7
4.2408801195047485e-7
4.3680400912886926e-7
4.498714020961068e-7
4.6329901638828075e-7
4.770958749648593e-7
4.912712020178534e-7
5.05834426840813e-7
5.207951877582145e-7
5.361633361160035e-7
5.519489403338638e-7
5.681622900199845e-7
5.848139001488924e-7
6.019145153031333e-7
6.194751139793578e-7
6.375069129596394e-7
6.560213717485276e-7
6.750301970767098e-7
6.945453474717879e-7
7.145790378970138e-7
7.351437444585288e-7
7.562522091819298e-7
7.779174448587395e-7
8.001527399635667e-7
8.229716636425635e-7
8.463880707739713e-7
8.704161071013465e-7
8.950702144402751e-7
9.20365135959152e-7
9.463159215348695e-7
9.729379331839424e-7
1.000246850569973e-6
1.0282586765879347e-6
1.0569897430262067e-6
1.086456716306826e-6
1.1166766033049162e-6
1.14766675724772e-6
1.17944488369422e-6
1.2120290465957747e-6
1.245437674438755e-6
1.27968956646959e-6
1.3148038990032216e-6
1.350800231815399e-6
1.3876985146197496e-6
1.4255190936301172e-6
1.4642827182090976e-6
1.5040105476031969e-6
1.5447241577656247e-6
1.586445548267113e-6
1.629197149295725e-6
1.6730018287461392e-6
1.717882899399289e-6
1.7638641261928487e-6
1.810969733583518e-6
1.859224413001464e-6
1.908653330398013e-6
1.9592821338868498e-6
2.0111369614798143e-6
2.064244448917633e-6
2.118631737596574e-6
2.1743264825913974e-6
2.2313568607756324e-6
2.289751579039448e-6
2.3495398826062598e-6
2.4107515634481973e-6
2.4734169688017133e-6
2.5375670097833976e-6
2.6032331701071875e-6
2.670447514903165e-6
2.7392426996390647e-6
2.8096519791446583e-6
2.881709216740157e-6
2.9554488934688187e-6
3.03090611743482e-6
3.108116633246666e-6
3.187116831567088e-6
3.2679437587698003e-6
3.3506351267024214e-6
3.435229322565411e-6
3.5217654188840568e-6
3.6102831836058133e-6
3.700823090299902e-6
3.793426328468956e-6
3.888134813972234e-6
3.984991199560448e-6
4.084038885523438e-6
4.185322030450633e-6
4.2888855621053485e-6
4.394775188413238e-6
4.503037408565833e-6
4.613719524239438e-6
4.726869650928574e-6
4.8425367293995255e-6
4.960770537257198e-6
5.081621700631393e-6
5.205141705981291e-6
5.331382912018165e-6
5.4603985617478975e-6
5.592242794632763e-6
5.726970658874083e-6
5.864638123815182e-6
6.005302092466271e-6
6.149020414150559e-6
6.295851897273444e-6
6.445856322213857e-6
6.599094454339613e-6
6.755628057146034e-6
6.9155199055193386e-6
7.078833799124432e-6
7.2456345759183475e-6
7.415988125788958e-6
7.5899614043202415e-6
7.767622446683875e-6
7.949040381658051e-6
8.13428544577359e-6
8.323428997588228e-6
8.516543532088823e-6
8.7137026952228e-6
8.914981298558187e-6
9.120455334073778e-6
9.330201989078557e-6
9.544299661262173e-6
9.762827973875407e-6
9.98586779104235e-6
0.000010213501233203331
0.000010445811692690452
0.000010682883849434354
0.000010924803686804377
0.00001117165850758068
0.000011423536950060324
0.000011680529004296031
0.000011942726028469678
0.000012210220765398638
0.000012483107359178016
0.000012761481371956209
0.000013045439800846413
0.000013335081094972768
0.000013630505172652606
0.000013931813438713774
0.000014239108801949059
0.00001455249569270567
0.000014872080080612495
0.000015197969492443052
0.00001553027303011664
0.000015869101388835485
0.000016214566875360618
0.00001656678342642412
0.000016925866627280763
0.000017291933730396
0.000017665103674273984
0.00001804549710242224
0.0000184332363824577
0.000018828445625347322
0.000019231250704791938
0.00001964177927674639
0.00002006016079908072
0.0000204865265513791
0.000020921009654879982
0.000021363745092554345
0.000021814869729325134
0.000022274522332425244
0.000022742843591897167
0.000023219976141230688
0.000023706064578143014
0.000024201255485497068
0.000024705697452362202
0.000025219541095213537
0.000025742939079273397
0.000026276046139991994
0.00002681901910467016
0.00002737201691422108
0.00002793520064507504
0.000028508733531222416
0.000029092780986399963
0.000029687510626415695
0.00003029309229161723
0.000030909698069498194
0.000031537502317448256
0.0000321766816856419
0.0000328274151400701
0.00003348988398571104
0.00003416427188984405
0.00003485076490550164
0.0000355495514950657
0.00003626082255400159
0.0000369847714347359
0.0000377215939706721
0.00003847148850035075
0.00003923465589174629
0.00004001129956670866
0.00004080162552554218
0.00004160584237172831
0.00004242416133678606
0.0000432567963052757
0.00004410396383994026
0.000044965883206990915
0.000045842776401528856
0.00004673486817311145
0.00004764238605145508
0.000048565560372281685
0.00004950462430330205
0.00005045981387034234
0.00005143136798360801
0.00005241952846408998
0.00005342454007010795
0.00005444665052399731
0.00005548611053893114
0.000056543173845886455
0.000057618097220745434
0.00005871114051154097
0.00005982256666583669
0.00006095264175825087
0.00006210163501811481
0.00006326981885727559
0.0000644574684502039
0.00006566486354402638
0.00006689228629441012
0.00006814002120029394
0.0000694083574651507
0.00007069758718749386
0.00007200800584683909
0.0000733399123326151
0.0000746936089732113
0.00007606940156516517
0.00007746759940248595
0.00007888851530611898
0.00008033246565354525
0.0000817997704085225
0.00008329075315095947
0.0000848057411069342
0.00008634506517884316
0.00008790905997569516
0.00008949806384353601
0.00009111241889601841
0.00009275247104510136
0.00009441857003189422
0.00009611106945763379
0.00009783032681480141
0.00009957670351837464
0.00010135056493722134
0.0001031522804256245
0.00010498222335495174
0.00010684077114545526
0.00010872830529821545
0.00011064521142721654
0.00011259187929156455
0.00011456870282783759
0.00011657608018257948
0.00011861441374492394
0.00012068411017936423
0.00012278558045865262
0.0001249192398968439
0.00012708550818247113
0.00012928480941186494
0.00013151757212260382
0.00013378422932711043
0.00013608521854637705
0.00013842098184387939
0.00014079196585941252
0.0001431986218434898
0.0001456414056914543
0.00014812077797794697
0.00015063720399146387
0.00015319115376905836
0.00015578310213112923
0.0001584135287165929
0.00016108291801770916
0.00016379175941553582
0.00016654054721531604
0.00016932978068184265
0.00017215996407539953
0.0001750316066874041
0.00017794522287640772
0.00018090133210419836
0.00018390045897204114
0.00018694313325706257
0.00019002988994877348
0.00019316126928574216
0.00019633781679239792
0.00019956008331599147
0.00020282862506368633
0.0002061440036398061
0.00020950678608321223
0.00021291754490484197
0.00021637685812537613
0.00021988530931306638
0.00022344348762169517
0.00022705198782869675
0.0002307114103734084
0.00023442236139549483
0.00023818545277346368
0.00024200130216342602
0.00024587053303791055
0.0002497937747248795
0.00025377166244687933
0.0002578048373603465
0.00026189394659506277
0.0002660396432937651
0.0002702425866519013
0.00027450344195755307
0.0002788228806314968
0.0002832015802674337
0.00028764022467236316
0.000292139503907126
0.00029670011432709104
0.0003013227586230126
0.00030600814586203434
0.0003107569915288676
0.00031557001756711464
0.0003204479524207666
0.0003253915310758533
0.00033040149510226867
0.0003354785926957426
0.000340623578720002
0.000345837214749072
0.00035112026910976736
0.0003564735169243352
0.00036189774015328135
0.0003673937276383507
0.000372962275145699
0.00037860418540921684
0.00038432026817404835
0.00039011134024026316
0.00039597822550672696
0.00040192175501512666
0.0004079427669941975
0.0004140421069041103
0.000420220627481055
0.00042647918878199287
0.0004328186582296124
0.0004392399106574439
0.0004457438283551888
0.00045233130111421493
0.0004590032262732586
0.00046576050876430094
0.0004726040611586566
0.0004795348037132362
0.00048655366441702474
0.0004936615790377345
0.0005008594911686868
0.000508148352275859
0.0005155291217451707
0.0005230027669299383
0.000530570263198569
0.000538232593982432
0.0005459907508239674
0.0005538457334249771
0.0005617985496951596
0.0005698502158008281
0.0005780017562138775
0.0005862542037609401
0.0005946085996727854
0.0006030659936339274
0.0006116274438326458
0.0006202940170103219
0.0006290667885128386
0.0006379468423403497
0.0006469352711982446
0.0006560331765481248
0.0006652416686590437
0.0006745618666589725
0.0006839948985865184
0.0006935419014428724
0.0007032040212440244
0.0007129824130732035
0.0007228782411335947
0.0007328926788012867
0.0007430269086784979
0.0007532821226470337
0.0007636595219220395
0.0007741603171059817
0.0007847857282429335
0.0007955369848730899
0.0008064153260875873
0.0008174220005835799
0.0008285582667195999
0.0008398253925711926
0.0008512246559868476
0.0008627573446441884
0.000874424756106493
0.0008862281978794562
0.0008981689874682929
0.0009102484524350967
0.0009224679304565446
0.0009348287693818532
0.0009473323272910933
0.0009599799725537704
0.0009727730838877521
0.000985713050418481
0.000998801271738541
0.0010120391579675101
0.0010254281298126386
0.001038969618627506
0.0010526650664756472
0.001066515926189915
0.0010805236614344778
0.0010946897467666785
0.0011090156676992746
0.0011235029207629947
0.0011381530135694757
0.0011529674648745349
0.001167947804641828
0.001183095574106837
0.0011984123258412737
0.0012138996238177967
0.001229559043475165
0.0012453921717837182
0.0012614006073112802
0.001277585960289426
0.0012939498526801504
0.0013104939182429346
0.001327219802602194
0.0013441291633151634
0.0013612236699401484
0.001378505004105231
0.001395974859577353
0.0014136349423318482
0.0014314869706223861
0.001449532675051339
0.0014677737986406052
0.00148621209690284
0.0015048493379131581
0.00152368730238125
0.001542727783723987
0.0015619725881384477
0.0015814235346754356
0.0016010824553134221
0.001620951195033017
0.0016410316118918354
0.0016613255770999383
0.001681834975095658
0.001702561703621997
0.001723507673803457
0.0017446748102234217
0.001766065051001984
0.0017876803478743485
0.0018095226662696597
0.0018315939853904611
0.0018538962982925786
0.0018764316119655815
0.0018992019474137762
0.001922209339737713
0.0019454558382162783
0.0019689435063893
0.001992674422140722
0.0020166506777823476
0.002040874380138141
0.0020653476506290926
0.0020900726253586794
0.002115051455198895
0.0021402863058768745
0.00216577935806211
0.002191532807454268
0.0022175488648716055
0.002243829756340023
0.0022703777231826826
0.0022971950221103254
0.002324283925312132
0.0023516467205472883
0.002379285711237158
0.0024072032165581105
0.0024354015715349923
0.00246388312713528
0.0024926502503638667
0.0025217053243585677
0.0025510507484862357
0.0025806889384396388
0.0026106223263349616
0.002640853360810052
0.0026713845071233253
0.002702218247253439
0.0027333570799996237
0.0027648035210827717
0.0027965601032472415
0.0028286293763634157
0.00286101390753098
0.0028937162811829677
0.00292673909919054
0.0029600849809685776
0.002993756563581974
0.0030277565018527715
0.003062087468468027
0.0030967521540885196
0.0031317532674582063
0.0031670935355145352
0.0032027757034995105
0.003238802535071657
0.0032751768124187103
0.0033119013363712524
0.0033489789265170877
0.003386412421316545
0.0034242046782185847
0.0034623585737778005
0.0035008770037722814
0.0035397628833223507
0.0035790191470102
0.003618648749002949
0.0036586546631638905
0.003699039883190076
0.0037398074227254483
0.003780960315487477
0.003822501615392372
0.003864434396681015
0.003906761754046081
0.003949486802759896
0.003992612678803429
0.004036142538996151
0.004080079561126919
0.004124426944085855
0.004169187907997204
0.0042143656943531916
0.00425996356614895
0.0043059848080183845
0.004352432726371137
0.0043993106495305604
0.004446621927872754
0.004494369933964572
0.004542558062713149
0.004591189731495469
0.004640268380310156
0.004689797471919783
0.0047397804919963385
0.004790220949267837
0.004841122375666089
0.004892488326475507
0.004944322380483148
0.004996628140129839
0.005049409231662455
0.005102669305287412
0.005156412035325285
0.005210641120366624
0.005265360283428966
0.005320573272115062
0.005376283858772251
0.005432495840653168
0.005489213040077569
0.005546439304595461
0.00560417850715145
0.005662434546250387
0.00572121134612422
0.005780512856900195
0.005840343054770288
0.005900705942161978
0.0059616055479102875
0.00602304592743119
0.006085031162896284
0.0061475653634088774
0.00621065266518135
0.00627429723171393
0.006338503253974816
0.0064032749505816815
0.006468616567984547
0.0065345323806501095
0.006601026691247421
0.006668103830835034
0.006735768159049532
0.0068040240642955685
0.006872875963937306
0.006942328304491319
0.007012385561821033
0.007083052241332553
0.0071543328781721064
0.007226232037424842
0.007298754314315349
0.00737190433440949
0.007445686753817952
0.007520106259401242
0.007595167568976333
0.0076708754315247245
0.007747234627402367
0.00782424996855085
0.007901926298710544
0.00798026849363502
0.008059281461307435
0.008138970142158253
0.008219339509284915
0.008300394568672955
0.00838214035941888
0.008464581953954766
0.008547724458274545
0.008631573012161971
0.008716132789420378
0.008801408998104126
0.008887406880751849
0.008974131714621393
0.00906158881192665
0.009149783520076083
0.009238721221913136
0.009328407335958308
0.009418847316653321
0.009510046654606861
0.00960201087684234
0.009694745547047474
0.009788256265825737
0.009882548670949738
0.009977628437616464
0.010073501278704523
0.010170172945033208
0.010267649225623584
0.01036593594796158
0.010465038978262916
0.010564964221740178
0.010665717622871789
0.010767305165673025
0.010869732873969066
0.010973006811670138
0.011077133083048593
0.011182117833018234
0.011287967247415518
0.011394687553283074
0.01150228501915519
0.011610765955345454
0.011720136714236641
0.011830403690572585
0.011941573321752398
0.012053652088126756
0.01216664651329648
0.012280563164413222
0.012395408652482521
0.012511189632669006
0.012627912804603902
0.012745584912694839
0.012864212746437844
0.012983803140731881
0.013104362976195372
0.013225899179485428
0.013348418723619148
0.013471928628297462
0.013596435960231282
0.013721947833470088
0.013848471409732945
0.013976013898741906
0.014104582557979943
0.01423418469531475
0.014364827666587279
0.014496518875670475
0.014629265777998536
0.014763075878452504
0.014897956732320106
0.015033915945649443
0.015170961175604967
0.015309100130004211
0.015448340570942744
0.015588690310300763
0.015730157213322223
0.01587274919818773
0.016016474236386257
0.016161340353090182
0.01630735562753263
0.016454528193387743
0.016602866239153566
0.01675237800852615
0.016903071800834765
0.017054955971363903
0.017208038931793304
0.017362329150583767
0.017517835153377105
0.01767456552339906
0.01783252890186492
0.017991733988388495
0.018152189541393544
0.018313904378528627
0.018476887377084618
0.018641147474415427
0.018806693668361702
0.018973535017677522
0.019141680642460284
0.01931113972458359
0.0194819215081333
0.01965403529984663
0.019827490469554645
0.020002296450627503
0.020178462740423456
0.02035599890074055
0.020534914558271812
0.020715219405063816
0.02089692319897824
0.02108003576415696
0.021264566991490354
0.021450526839089004
0.02163792533275876
0.021826772566479188
0.022017078702885485
0.022208853973753658
0.022402108680489516
0.02259685319462068
0.022793097958292496
0.022990853484767326
0.023190130358927297
0.02339093923778088
0.023593290850972712
0.023797196001297434
0.024002665565216862
0.024209710493381036
0.024418341811152808
0.024628570619136363
0.024840408093709142
0.02505386548755795
0.025268954130218613
0.02548568542861936
0.02570407086762839
0.02592412201060491
0.026145850499954465
0.026369268057687925
0.026594386485984337
0.026821217667758246
0.02704977356723027
0.02728006623050252
0.0275121077861373
0.027745910445740606
0.02798148650454898
0.02821884834202138
0.02845800842243421
0.028698979295481625
0.028941773596878943
0.029186404048971326
0.029432883461345975
0.02968122473144913
0.029931440845206866
0.03018354487765101
0.030437549993548647
0.03069346944803665
0.030951316587260268
0.03121110484901649
0.031472847763401576
0.03173655895346358
0.03200225213585895
0.03226994112151398
0.03253963981629114
0.03281136222165939
0.0330851224353699
0.03336093465213613
0.03363881316431857
0.033918772362614535
0.034200826736752656
0.03448499087667022
0.03477127947130189
0.03505970731216693
0.03535028929216157
0.03564304040675907
0.03593797575427513
0.03623511053843699
0.03653446006635087
0.03683603975109019
0.037139865111976644
0.03744595177532993
0.037754315475222774
0.03806497205424079
0.03837793746424814
0.03869322776715819
0.03901085913570948
0.03933084785424758
0.03965321031951164
0.03997796304142704
0.040305122643903284
0.04063470586563726
0.040966729560922566
0.0413012107004639
0.041638166372197645
0.041977613782117576
0.042319570255106784
0.04266405323577527
0.04301108028930301
0.04336066911909738
0.0437128375024854
0.044067603386296283
0.04442498482654068
0.044785000004104035
0.04514766719762078
0.04551300489391015
0.04588103162816985
0.046251766089638435
0.046625227096886324
0.04700143359872534
0.04738040467512491
0.04776215953813489
0.048146717532813986
0.04853409813816564
0.048924320968079325
0.049317405772279437
0.04971337243727931
0.05011224098734384
0.05051403158545648
0.05091876453429518
0.05132646027721295
0.051737139399226924
0.05215082262801318
0.05256753083490889
0.05298728503592163
0.053410106392744704
0.053836016213780695
0.05426503595520333
0.05469718722186591
0.055132491768539946
0.05557097150083614
0.056012648476296445
0.05645754490546
0.056905683152936426
0.0573570857384869
0.057811775338112485
0.05826977478515016
0.058731107071375944
0.059195795348116094
0.059663862927366015
0.06013533328291634
0.06061023005148762
0.061088577033871945
0.06157039819608299
0.062055717670514154
0.06254455975710392
0.06303694892451023
0.06353290981129216
0.06403246722710026
0.06453564615387479
0.06504247174705234
0.0655529693367811
0.06606716442914352
0.06658508270738887
0.0671067500331728
0.06763219244780672
0.0681614361735148
0.06869450761470047
0.06923143335922086
0.06977224017967057
0.07031695503467443
0.07086560507018837
0.07141821762081028
0.07197482021109901
0.072535440556903
0.07310010656669824
0.07366884634293452
0.07424168818339237
0.07481866058254773
0.07539979223294763
0.0759851120265941
0.07657464905633841
0.07716843261728455
0.07776649220820228
0.07836885753295053
0.07897555850190979
0.07958662523342498
0.08020208805525816
0.08082197750605094
0.08144632433679737
0.08207515951232662
0.08270851421279651
0.0833464198351965
0.08398890799486114
0.08463601052699538
0.0852877594882081
0.08594418715805822
0.08660532604060962
0.08727120886599948
0.08794186859201375
0.08861733840567723
0.08929765172485186
0.08998284219984705
0.09067294371504195
0.09136799039051686
0.0920680165836983
0.09277305689101309
0.09348314614955593
0.09419831943876687
0.09491861208212131
0.09564405964883109
0.09637469795555788
0.09711056306813781
0.09785169130331822
0.09859811923050672
0.09934988367353165
0.10010702171241503
0.10086957068515842
0.10163756818953931
0.10241105208492213
0.10319006049407965
0.10397463180502878
0.10476480467287784
0.10556061802168659
0.10636211104633997
0.10716932321443373
0.10798229426817435
0.10880106422629006
0.1096256733859573
0.11045616232473907
0.11129257190253694
0.11213494326355648
0.11298331783828695
0.11383773734549352
0.11469824379422369
0.1155648794858285
0.11643768701599569
0.11731670927679912
0.11820198945876072
0.11909357105292682
0.11999149785296032
0.12089581395724518
0.12180656377100695
0.12272379200844716
0.12364754369489281
0.12457786416896095
0.12551479908473726
0.12645839441397044
0.12740869644828204
0.12836575180139032
0.1293296074113511
0.1303003105428123
0.1312779087892854
0.13226245007543252
0.1332539826593684
0.1342525551349786
0.13525821643425442
0.13627101582964335
0.13729100293641558
0.1383182277150468
0.13935274047361898
0.14039459187023512
0.14144383291545273
0.14250051497473362
0.14356469063082586
0.14463640938666783
0.14571572626706605
0.1468026932219816
0.14789736342875726
0.148999790434677
0.15011002815955657
0.1512281308983321
0.1523541533236659
0.15348815048857126
0.1546301778290542
0.15578029116677455
0.15693854671172455
0.15810500106492684
0.15927971122115003
0.1604627345716444
0.16165412890689507
0.16285395241939496
0.16406226370643714
0.16527912177292603
0.16650458603420795
0.167738716318922
0.16898157287186918
0.17023321635690325
0.17149370785983994
0.1727631088913871
0.1740414813900953
0.17532888772532762
0.17662539070025196
0.17793105355492336
0.17924593996903407
0.18057011406538695
0.18190364041269386
0.18324658402873953
0.18459901038349966
0.18596098540227926
0.1873325754688734
0.18871384742875058
0.19010486859225612
0.19150570673783976
0.19291643011530432
0.19433710744907745
0.19576780794150586
0.19720860127617176
0.19865955762123316
0.20012074763278703
0.20159224245825502
0.20307411373991752
0.20456643361785184
0.2060692747341301
0.2075827102358077
0.20910681377855087
0.21064165953016592
0.2121873221741529
0.21374387691328442
0.2153113994732084
0.2168899661060757
0.21847965359419305
0.2200805392537032
0.22169270093828594
0.22331621704288981
0.22495116650748656
0.22659762882085205
0.2282556840243742
0.22992541271588643
0.23160689605352835
0.23330021575951507
0.23500545412452228
0.23672269401091833
0.23845201885720688
0.2401935126819033
0.2419472600875586
0.2437133462648105
0.2454918569964621
0.24728287866159138
0.24908649823968457
0.2509028033148028
0.25273188207977515
0.2545738233404195
0.25642871651979765
0.2582966516624925
0.2601777194389224
0.2620720111496791
0.2639796187298999
0.265900634753669
0.26783515243844697
0.2697832656495355
0.27174506890456807
0.2737206573780352
0.2757101269058408
0.2777135739898871
0.27973109580269445
0.2817627901920535
0.28380875568570557
0.2858690914960595
0.2879438975312767
0.2900332743750986
0.29213732332850634
0.29425614639038755
0.2963898462683695
0.2985385263837322
0.30070229087635786
0.30288124460971466
0.3050754931758726
0.30728514290055803
0.3095103008482393
0.3117510748272501
0.3140075733949478
0.31627990586290516
0.3185681823021445
0.32087251354839774
0.3231930112074151
0.3255297876602995
0.3278829560688851
0.3302526303811499
0.33263892533666756
0.33504195647209456
0.33746184012669894
0.33989869344792345
0.3423526343969903
0.34482378175454337
0.3473122551263284
0.3498181749489165
0.3523416624954614
0.35488283988150293
0.35744183007080516
0.360018756881239
0.3626137449907022
0.3652269199430848
0.367858408154271
0.37050833691818613
0.37317683441288335
0.3758640297066738
0.37857005276429967
0.38129503445314783
0.3840391065495093
0.3868024017448796
0.38958505365230467
0.39238719681276885
0.39520896670163014
0.3980504997350961
0.4009119332767481
0.4037934056441104
0.40669505611525775
0.4096170249354836
0.4125594533239992
0.4155224834806882
0.4185062585929051
0.42151092284231956
0.4245366214118125
0.42758350049241545
0.4306517072902997
0.4337413900338142
0.43685269798057247
0.4399857814245883
0.443140791703459
0.44631788120560234
0.44951720337753964
0.4527389127731835
0.4559831648975241
0.45925011645361835
0.4625399251942671
0.46585274996756565
0.4691887507244938
0.47254808852656355
0.4759309255535164
0.479337425111078
0.4827677516387594
0.48622207071772217
0.4897005490786887
0.4932033546099129
0.49673065636520636
0.5002826245720153
0.5038594306395586
0.5074612471670206
0.5110882478213522
0.5147406078615409
0.5184185033815054
0.5221221118236105
0.5258516118617701
0.5296071834102258
0.5333890076321437
0.5371972669482746
0.5410321450456695
0.5448938268864604
0.5487824987166973
0.5526983480752513
0.5566415638027731
0.5606123360507212
0.5646108562904475
0.5686373173223452
0.5726919132850645
0.5767748396647883
0.5808862933045751
0.5850264724137636
0.5891955765774457
0.593393806766002
0.597621365344705
0.601878456083391
0.6061652841661941
0.6104820562013519
0.6148289802310789
0.6192062657415036
0.6236141236726807
0.6280527664286703
0.6325224078876857
0.6370232634123122
0.6415555498597978
0.6461194855924144
0.6507152904878911
0.6553431859499192
0.6600033949187302
0.6646961418817485
0.6694216528843168
0.6741801555404938
0.6789718790439309
0.6837970541788234
0.688655913330932
0.6935486904986895
0.6984756213043791
0.7034369430053893
0.7084328945052754
0.713463716366278
0.7185296508191513
0.723630941775849
0.7287678348408959
0.7339405773231229
0.7391494182474817
0.7443946083669392
0.7496764001744584
0.7549950479150592
0.760350807597965
0.7657439370088308
0.7711746957220622
0.7766433451132065
0.78215014837145
0.7876953705121806
0.7932792783896516
0.7989021407097312
0.8045642280427336
0.8102658128363467
0.8160071694286456
0.8217885740611977
0.8276103048922551
0.8334726420100469
0.8393758674461536
0.8453202651889796
0.8513061211973191
0.8573337234140178
0.8634033617797201
0.8695153282467232
0.8756699167929219
0.8818674234358497
0.8881081462468177
0.894392385365151
0.9007204430125273
0.9070926235074089
0.9135092332795808
0.9199705808847846
0.9264769770194574
0.9330287345355713
0.9396261684555773
0.9462695959874464
0.9529593365398277
0.9596957117372973
0.9664790454357233
0.9733096637377325
0.9801878950082845
0.9871140698903579
0.9940885213207373
1.001111584545918
1.0081835971381155
1.0153048990113884
1.0224758324378749
1.0296967420642817
1.0369679749277592
1.044289880473358
1.05166281057013
1.0590871195280767
1.0665631641150748
1.0740913035739104
1.081671899639442
1.0893053165558693
1.0969919210941295
1.1047320825694193
1.112526172858826
1.1203745664190883
1.1282776403044812
1.1362357741848201
1.1442493503635949
1.1523187537962254
1.1604443721084448
1.168626595614814
1.1768658173373552
1.1851624330243282
1.1935168411691228
1.201929443029294
1.2104006426457186
1.2189308468618945
1.2275204653433642
1.2361699105972852
1.2448795979921221
1.2536499457774828
1.2624813751040944
1.2713743100439117
1.280329177610371
1.289346407778776
1.2984264335068347
1.3075696907554555
1.3167766185090708
1.326047658797345
1.3353832567157862
1.3447838604471158
1.3542499212826804
1.3637818936439992
1.3733802351044575
1.383045414711354
1.3927778715069385
1.40257809755249
1.412446554948699
1.4223837173590912
1.432390061732452
1.4424660683256025
1.452612220726331
1.4628290058764817
1.4731169140952116
1.483476439102398
1.4939080780422112
1.5044123315068594
1.5149897035604882
1.525640701763247
1.5363658371955229
1.547165624482354
1.5580405818179888
1.568991230990636
1.5800180974073796
1.59112171011926
1.602302601846543
1.6135613090041478
1.624898371727266
1.6363143338971435
1.647809743167059
1.6593851509884685
1.6710411126373277
1.6827781872406198
1.6945969378030368
1.7064979312338713
1.7184817383740758
1.7305489340235263
1.742700096968463
1.754935810009121
1.767256659987563
1.7796632378156931
1.7921561385034732
1.8047359611873317
1.8174033091587634
1.8301587898931442
1.8430030150787253
1.8559366006458426
1.868960166796323
1.8820743380330966
1.895279743190007
1.9085770154618489
1.921966792434578
1.935449716115771
1.9490264329652676
1.9626975939260358
1.9764638544552529
1.9903258745555967
2.004284318806756
2.01833985639716
2.0324931611559296
2.0467449115850447
2.061095790891741
2.0755464870211213
2.0900976926890116
2.1047501054150137
2.1195044275558312
2.1343613663387795
2.1493216338955654
2.1643859472967133
2.179555028584051
2.1948296048078113
2.2102104080595826
2.22569817550771
2.2412936494324796
2.256997577261562
2.272810711605685
2.2887338102945765
2.3047676364131378
2.3209129583378716
2.337170549773565
2.3535411897902314
2.3700256628603036
2.3866247588960756
2.403339273287425
2.4201700069397734
2.4371177663123285
2.454183363456588
2.4713676160550953
2.488671347460484
2.5060953867347835
2.5236405686889944
2.5413077339229453
2.559097728865408
2.5770114058145617
2.595049622978583
2.6132132445166896
2.631503140580378
2.6499201846564433
2.6684652643308877
2.6871392653570823
2.705943082274235
2.7248776158244565
2.743943772995753
2.7631424670653417
2.7824746176432305
2.801941150716136
2.82154299869168
2.8412811004429117
2.8611564013531137
2.8811698533609493
2.9013224150059025
2.9216150514740313
2.942048738156987
2.962624446652679
2.983343165861793
3.004205888019765
3.0252136122421613
3.046367344572359
3.067668098029598
3.089116892657306
3.1107147555718235
3.1324627210114047
3.1543618303856142
3.1764131323250218
3.198617682731274
3.220976544827486
3.243490789209005
3.2661614938945034
3.2889897443774583
3.3119766336779475
3.335123262394844
3.3584307387583414
3.381900178682851
3.4055327058202955
3.4293294516137087
3.453291555351287
3.477420164220733
3.5017164333640496
3.5261815259326585
3.5508166131429384
3.575622874332117
3.6006014970145817
3.625753676938554
3.6510806181431734
3.676583533015974
3.70226364235074
3.7281221754058103
3.7541603699627255
3.780379472499305
3.806780737806663
3.833365429693313
3.86013482062861
3.8870901919046656
3.9142328336975245
3.9415640451287186
3.9690851343273086
3.9967974184923007
4.024702223955538
4.0528008862450005
4.081094750148565
4.109585169778181
4.138273508634524
4.1671611396720545
4.1962494453645895
4.225539817771249
4.255033658602935
4.2847323792892364
4.314637401045769
4.344750154942061
4.375072081969821
4.405604633111739
4.436349269410747
4.467307462039747
4.4984806917580995
4.529870451413569
4.561478242402473
4.593305577124833
4.6253539784666495
4.657624979872597
4.690120125419245
4.722840969889591
4.7557890788438755
4.7889660286993925
4.822373406802366
4.856012811504539
4.889885852239495
4.923994149599438
4.958339335412586
4.9929230528210296
5.027746956359191
5.062812712032757
5.098121997398235
5.133676501643009
5.169477925665969
5.205527982158685
5.241828395687185
5.278380902774235
5.31518725198224
5.352249203996721
5.389568531710314
5.427147020307423
5.464986467349424
5.503088682860448
5.541455489413787
5.580088722218888
5.6189902292089275
5.658161871129046
5.697605521625129
5.737323067333262
5.777316407969766
5.817587456421867
5.858138138839014
5.8989703947248
5.940086177029538
5.981487452243471
6.023176200490643
6.065154415623397
6.107424105317545
6.1499872911682
6.19284600878626
6.236002307895561
6.279458252430715
6.323215920635619
6.367277405162648
6.411644813172532
6.456320266434951
6.501305901429756
6.5466038694490045
6.592216336699571
6.638145484406605
6.684393508917589
6.730962621807181
6.777855049982789
6.825073035790833
6.872618837122692
6.9204947275268385
6.968702996310767
7.017245948654681
7.066125905720385
7.115345204762087
7.164906199237949
7.214811258922401
7.265062770019261
7.315663135275613
7.366614774096502
7.4179201226604
7.469581634035447
7.521601778296599
7.573983042643452
7.626727931519002
7.679838966729139
7.733318687563022
7.787169650914278
7.841394431403041
7.895995621498798
7.950975831644184
8.006337690379496
8.062083844468205
8.118216959023263
8.174739717634289
8.231654822495654
8.28896499453547
8.346672973545422
8.404781518311536
8.46329340674588
8.522211436019106
8.58153842269396
8.641277202859735
8.701430632267583
8.76200158646684
8.822992960942283
8.884407671252287
8.946248653167972
9.008518862813355
9.071221276806417
9.134358892401156
9.197934727630635
9.261951821451053
9.326413233886738
9.391322046176224
9.456681360919312
9.5224943022251
9.588763992110177
9.655493669403539
9.722686452388135
9.790345576462759
9.858474275540441
9.927075805953843
9.996153446610586
10.0657104991498
10.135750288099645
10.206276161036053
10.277291488742394
10.348799665370425
10.420804108602253
10.493308259813446
10.566315584237245
10.639829571130035
10.713853733937738
10.788391607218744
10.863446759624614
10.939022775099705
11.01512326553702
11.091751867869332
11.168912244242724
11.24660808219136
11.324843094813476
11.403621020948622
11.482945625356036
11.562820698894376
11.643250058703435
11.724237600633533
11.805787095110265
11.887902425176641
11.970587633463303
12.05384661434
12.137683346497772
12.222101836210026
12.307106117523725
12.392700252451927
12.478888331167646
12.565674472199015
12.653062822625904
12.741057558277761
12.829662883933008
12.91888303351961
13.008722270317195
13.099184887160506
13.190275206644253
13.28199758132947
13.37435639395113
13.46735605762743
13.561001016070334
13.655295743797648
13.750244746346608
13.845852560488835
13.942123754446902
14.039062928112356
14.136674713265199
14.234963773794984
14.333934805923361
14.4335925384282
14.533941732869303
14.634987183815605
14.736733719074016
14.839186199919855
14.942349521328731
15.04622861221029
15.150828435643374
15.25615398911287
15.362210304748238
15.469002449563668
15.57653552569986
15.684814670667546
15.793845057592668
15.903631895463263
16.01418042937806
16.12549594079675
16.237583747792094
16.350449205303708
16.464097705393584
16.578534677503498
16.693765588713987
16.809795944005423
16.926631286520593
17.044277197829334
17.162739298194793
17.282023246841806
17.402134742226828
17.52307952230992
17.644863364828673
17.76749208757379
17.890971548666887
18.01530764683992
18.140506321716764
18.266573554096723
18.39351536623982
18.52133782215432
18.65004702788606
18.77964913180983
18.910150324922892
19.04155684114031
19.17387495759252
19.307110994924926
19.44127131759942
19.576362334198237
19.71239049772722
19.849362305933877
19.98728430160227
20.126163072875435
20.266005253567265
20.40681752347899
20.548606608718064
20.691379282019128
20.83514236306718
20.979902718823105
21.125667263851252
21.27244296064958
21.420236819981852
21.56905590121212
21.718907312641793
21.869798211848682
22.02173580602878
22.174727352339954
22.328780158248495
22.483901581877788
22.640099032359366
22.79737997018662
22.95575190757075
23.115222408799234
23.275799090596994
23.43748962248966
23.60030172716971
23.764243180864955
23.9293218137097
24.095545510118377
24.26292220916177
24.431459904945953
24.60116664699374
24.772050540628893
24.944119747362716
25.117382485283947
25.291847029450455
25.46752171228451
25.64441492397027
25.822535112854183
26.001890785848143
26.182490508835578
26.36434290708004
26.547456665637
26.731840529768196
26.91750330535903
27.104453859338758
27.29270112010368
27.482254077943175
27.673121785468812
27.86531335804625
28.058837974230343
28.253704876203074
28.449923370214606
28.64750263345358
28.84645249640796
29.04678243735533
29.24850165899711
29.451619980603997
29.656147102270282
29.862092791332564
30.0694668828361
30.27827928000384
30.48853995470925
30.700258947952037
30.913446370337564
31.128112402558838
31.344267295882904
31.561921372639873
31.781085026715285
32.00176872404646
32.22398300312166
32.44773847548317
32.67304582623375
32.89991581454627
33.12835927417745
33.35838711398466
33.59001031844663
33.82323994818763
34.05808714050295
34.294563109899194
34.53267914861662
34.77244662717647
35.013876994921375
35.2569817805619
35.501772592726574
35.748261120515856
35.996459134060196
36.2463784850813
36.49803110745808
36.75142901779605
37.006584316000605
37.26350918585462
37.522215895599814
37.78271679852223
38.04502433354168
38.30915102580547
38.57510948728583
38.84291241738219
39.1125726035268
39.38410292179528
39.657516337520846
39.932825905913056
40.210044772680995
40.489186174662535
40.770263440447614
41.05328999102696
41.33827934042404
41.625245096342155
41.91420096081383
42.20516073085461
42.49813829912467
42.79314765457908
43.09020288315431
43.38931816842798
43.690507792298604
43.99378613566735
44.29916767912413
44.606667003638684
44.91629879125656
45.22807782579938
45.54201899357073
45.858137284066245
46.17644779068903
46.49696571147009
46.81970634979322
47.14468511512549
47.471917523752786
47.801419199519906
48.1332058745763
48.467293390126784
48.803697697187644
49.142434857347546
49.483521043534154
49.826972540785945
50.17280574702929
50.52103717386098
50.87168344733606
51.224761308761366
51.580287615494385
51.938279341747695
52.298753579398934
52.6617275388065
53.027218549630724
53.39524406166102
53.76582164564834
54.138968994143944
54.514703922343514
54.89304436893722
55.274008396966025
55.65761419468336
56.04388007642331
56.43282448347444
56.8244659849598
57.21882327872308
57.615915192221024
58.01576068342157
58.41837884170322
58.8237888887881
59.232010179625895
59.643062203339774
60.056964584150656
60.47373708189269
60.89339959461644
61.3159721570842
61.74147494333843
62.16992826778909
62.601352584120995
63.03576848932437
63.473196722666906
63.913658167180174
64.35717385065554
64.80376494664824
65.25345277548723
65.70625880529296
66.16220465300171
66.62131208539702
67.08360302014859
67.54909952685817
68.01782382811253
68.4897983005441
68.96504547589878
69.44358804211097
69.92544884438641
70.41065088629226
70.89921733085492
71.39117150166517
71.88653688399135
72.38533712589995
72.88759603938436
73.39333760150065
73.9025859555121
74.41536541204147
74.93170045023064
75.45161571890904
75.97513603776996
76.50228639856003
77.03309196625062
77.56757808027048
78.10577025569393
78.64769418446355
79.19337573661637
79.74284096151816
80.29611608910636
80.85322753113645
81.41420188246559
81.97906592228574
82.54784661542615
83.12057111363356
83.69726675686789
84.2779610746073
84.86268178716136
85.45145680699434
86.04431424005664
86.6412823871265
87.24238974516014
87.84766500859303
88.45713707094059
89.07083502583535
89.68878816863914
90.31102599778609
90.9375782161906
91.56847473266404
92.20374566334272
92.84342133312434
93.48753227711566
94.13610924208908
94.78918318795037
95.44678528921582
96.10894693649959
96.77569973801208
97.44707552106793
98.12310633360538
98.80382444571445
99.48926235117807
100.17945276902181
100.87442864507581
101.5742231535462
102.27886969859898
102.98840191595333
103.70285367448709
104.42225907785303
105.14665246610568
105.8760684173407
106.61054174934432
107.35010752125544
108.09480103523798
108.84465783816596
109.59971372331928
110.36000473209242
111.12556715571372
111.89643753697715
112.67265267198673
113.45424961191158
114.24126566475451
115.03373839715519
115.83170563607935
116.63520547079547
117.44427625456731
118.25895660651805
119.079285413473
119.90530183181534
120.7370452893546
121.5745554872079
122.41787240169491
123.26703628624492
124.12208767331818
124.98306737633973
125.85001649164712
126.72297640045166
127.60198877081247
128.4870955596256
129.37833901462588
130.27576167640248
131.17940638042975
132.0893162590943
133.0055347438183
133.9281055670353
134.85707276434084
135.7924806765953
136.73437395197246
137.68279754819005
138.63779673458905
139.59941709430984
140.56770452646748
141.54270524834246
142.52446579758578
143.51303303443945
144.50845414457976
145.51077663895995
146.52004835966235
147.53631747981066
148.55963250645652
149.59004228289413
150.6275959909912
151.6723431535354
152.72433363659792
153.78361765191292
154.85024575927375
155.924268868945
157.00573824409236
158.0947055032287
159.19122262267769
160.29534193905312
161.407116151757
162.52659832549415
163.6538418928044
164.78890065661213
165.93182879279405
167.0826808527639
168.24151176607617
169.40837684304688
170.58333177739254
171.76643264888887
172.95773592604561
174.157298468802
175.36517753123962
176.5814307643149
177.80611621860936
179.03929234710048
180.2810180079508
181.53135246731597
182.79035540217382
184.0580869031716
185.33460747749305
186.61997805174624
187.9142599748703
189.21751502106403
190.52980539273247
191.85119372345548
193.18174308097704
194.52151697021387
195.8705793362868
197.22899456757102
198.59682749876993
199.97414341400685
201.36100804994334
202.7574875989127
204.16364871208168
205.579558502628
207.00528454894595
208.440894897868
209.8864580679147
211.34204305256227
212.807719323536
214.28355683412465
215.769626022519
217.26599781517268
218.77274363018736
220.28993538071913
221.81764547841254
223.35594683685343
224.90491287504955
226.46461752093444
228.03513521489418
229.61654091331994
231.20891009218434
232.81231875064432
234.4268434146662
236.05256114067816
237.6895495192475
239.33788667878173
240.99765128925904
242.66892256598038
244.35178027334965
246.04630472868087
247.75257680603025
249.4706779400555
251.2006901299015
252.94269594311314
254.6967785195761
256.46302157548257
258.2415094073277
260.0323268959316
261.835559510489
263.6512933126479
265.47961496061725
267.3206117133008
269.17437143446256
271.0409825969178
272.92053428675536
274.8131162075896
276.71881868483933
278.6377326700395
280.5699497458755
282.5155621273808
284.47466267166334
286.4473448784223
288.4337028954753
290.43383152325174
292.4478262193153
294.4757831029202
296.5177989626291
298.57397124936045
300.64439809758005
302.7291783194866
304.82841141222235
306.9421975626208
309.0706376519876
311.21383326091353
313.3718866741228
315.54490088535294
317.7329796022705
319.9362272514191
322.1547489832023
324.3886506769025
326.63803894573056
328.9030211419172
331.18370536183085
333.480200451141
335.7926160100071
338.12106239831246
340.4656507409278
342.82649293301563
345.2037016453684
347.5973903297863
350.00767322448877
352.4346653595681
354.8784825624777
357.3392414635587
359.8170595016045
362.31205492946737
364.8243468196989
367.3540550702325
369.90130041010576
372.466204405219
375.04888946413934
377.649478843939
380.2680966560785
382.90486787232834
385.55991833073324
388.23337474161536
390.9253646936223
393.63601665981383
396.36546000379445
399.1138249858839
401.88124276933513
404.66784542659104
407.47376594558915
410.29913823610536
413.1440971361445
416.0087784183755
418.89331879660966
421.79785593232293
424.7225284412264
427.66747589988165
430.6328388523585
433.61875881694317
436.625378292891
439.6528407672264
442.7012907215885
445.77087363912784
448.86173601144657
451.97402534558904
455.1078901710815
458.263480047019
461.440945569201
464.6404383773198
467.86211116219454
471.10611767305807
474.3726127248938
477.66175220582204
480.97369308454023
484.30859341781235
487.6666123579221
491.0479101606157
494.45264819223553
497.8809889377583
501.33309600846326
504.8091341497412
508.30926924895454
511.8336683433532
515.3824996280484
518.9559324641792
522.5541373864206
526.1772861119747
529.8255515482042
533.499107801018
537.1981301831837
540.9227952226881
544.673280671166
548.449765512379
552.2524299707562
556.0814555199955
559.9370248917223
563.819322084209
567.7285323711559
571.6648423105305
575.6284397534712
579.6195138532503
583.6382550743007
587.6848552013022
591.7595073483376
595.8624059681019
599.9937468611867
604.1537271854204
608.3425454652746
612.5604016013417
616.8074968798702
621.0840339823707
625.3902169952875
629.7262514197365
634.0923441813143
638.4887036399673
642.9155395999371
647.3730634265011
651.8614876260225
656.3810264053187
660.9318956507349
665.5143124359381
670.1284954436259
674.7746648723428
679.4530424469899
684.1638514294059
688.907316629018
693.6836644135722
698.4931227199334
703.3359210649614
708.2122905564657
713.1224639042305
718.0666754311211
723.0451610842632
728.0581584463039
733.1059067467485
738.1886468733734
743.306621383725
748.4600745166885
753.6492522041494
758.874402082721
764.1357735055683
769.4336175543008
774.7681870509581
780.1397365700698
785.5485224508077
790.9948028092144
796.4788375505201
802.0008883815465
807.5612188231948
813.1600942230182
818.7977817678849
824.4745504967282
830.1906713133861
835.9464169995218
841.7420622276488
847.5778835742294
853.45415953288
859.3711705276531
865.3291989264264
871.3285290543648
877.3694472075038
883.4522416663967
889.5772027098776
895.7446226289117
901.9547957405425
908.2080184019358
914.5045890245225
920.8448080882353
927.2289781558484
933.6574038874173
940.1303920548144
946.6482515563645
953.2112934315918
959.8198308760547
966.474179256295
973.1746561248876
979.9215812355869
986.7152765585938
993.5560662959111
1000.4442768968188
1007.3802370734501
1014.3642778164761
1021.3967324108999
1028.477936451961
1035.6082278611507
1042.7879469023317
1050.0174361979803
1057.2970407455325
1064.6271079338485
1072.0079875597867
1079.4400318448957
1086.923595452225
1094.4590355032437
1102.0467115948848
1109.686985816704
1117.3802227681556
1125.1267895759938
1132.9270559117858
1140.781394009559
1148.690178683557
1156.6537873461268
1164.6726000257302
1172.7469993850737
1180.8773707393714
1189.0641020747305
1197.307584066664
1205.6082100987373
1213.9663762813316
1222.3824814705513
1230.8569272872558
1239.3901181362237
1247.9824612254463
1256.634366585565
1265.3462470894312
1274.1185184718133
1282.951599349228
1291.84591123992
1300.8018785839772
1309.8199287635778
1318.90049212339
1328.0440019911048
1337.2508946981168
1346.5216096003314
1355.856589099153
1365.256278662571
1374.7211268464391
1384.2515853158532
1393.8481088667336
1403.5111554475034
1413.2411861809462
1423.0386653864932
1432.9040606010044
1442.8378426038062
1452.8404854364385
1462.9124664266244
1473.054266210784
1483.266368756969
1493.5492613879487
1503.903434804475
1514.3293831086896
1524.8276038277015
1535.3985979373322
1546.042869886019
1556.760927618883
1567.553282601974
1578.4204498466668
1589.362947934245
1600.381299040645
1611.4760289613669
1622.6476671365695
1633.8967466763338
1645.2238043861012
1656.6293807922857
1668.1140201680707
1679.6782705593769
1691.322683811019
1703.0478155930302
1714.8542254271847
1726.742476713693
1738.7131367580869
1750.766776798288
1762.9039720318717
1775.1253016435107
1787.4313488326088
1799.822700841131
1812.2999489816314
1824.8636886654629
1837.5145194311913
1850.253044973203
1863.0798731705104
1875.9956161157634
1889.0008901444496
1902.0963158643144
1915.2825181849623
1928.5601263476817
1941.9297739554797
1955.392099003304
1968.9477439084837
1982.5973555414037
1996.3415852563442
2010.181088922587
2024.1165269556986
2038.148564349044
2052.2778707055186
2066.505120269511
2080.8309919590547
2095.2561693982507
2109.781340949861
2124.4071997481783
2139.1344437320895
2153.963775678386
2168.895903235282
2183.931538956206
2199.071400333782
2214.3162098340817
2229.666694931083
2245.123588141405
2260.6876270592293
2276.359554391532
2292.140117993502
2308.0300709042313
2324.030171382647
2340.1411829437006
2356.3638743947904
2372.6990198724584
2389.1473988793177
2405.7097963212655
2422.3870025449132
2439.179813375319
2456.089030153963
2473.1154597769687
2490.259914733619
2507.5232131451316
2524.9061788036756
2542.409641211706
2560.0344356215296
2577.7814030751656
2595.65139044448
2613.6452504715908
2631.7638418095667
2650.0080290633937
2668.378682831232
2686.8766797459625
2705.502902517015
2724.2582399724884
2743.143587101563
2762.1598450972124
2781.3079213991987
2800.588729737377
2820.0031901752996
2839.552229154106
2859.236779536752
2879.057780652502
2899.016178341768
2919.1129250012273
2939.3489796292847
2959.7253078718186
2980.2428820682717
3000.902681298041
3021.7056914271943
3042.6529051555244
3063.745322063909
3084.9839486620117
3106.369798436306
3127.903891898442
3149.587256633944
3171.4209273512315
3193.4059459310074
3215.5433614759713
3237.834230360871
3260.2796162829127
3282.8805903125362
3305.638230944493
3328.5536241493382
3351.6278634252176
3374.8620498500923
3398.2572921342326
3421.8147066731535
3445.5354176008636
3469.4205568435445
3493.4712641735096
3517.688687263635
3542.073981742099
3566.628311247543
3591.352847484577
3616.248770279716
3641.317267637649
3666.559535797955
3691.976779292169
3717.570211001261
3743.341052213511
3769.290556716831
3795.419890687241
3821.730373088361
3848.2232353904997
3874.8997418007766
3901.7611652893884
3928.8087876503746
3956.0438995627633
3983.467800652166
4011.081799552794
4038.887213969897
4066.8853707426524
4095.0776059074615
4123.465264761716
4152.049701927986
4180.832281418663
4209.814376701039
4238.997370762857
4268.38265617829
4297.9716351744055
4327.765719698062
4357.7663314832935
4387.97490211914
4418.392873117981
4449.021695984293
4479.862832283939
4510.917753713884
4542.187942172434
4573.674889829956
4605.380099200069
4637.305083211339
4669.451365279487
4701.820479380053
4734.413970121637
4767.233392819551
4800.280313570094
4833.5563093252185
4867.062967967836
4900.801888387543
4934.774680556956
4968.982965608485
5003.428375911749
5038.112555151406
5073.037158405651
5108.203852225124
5143.614314712497
5179.270235602496
5215.173316342571
5251.325270174059
5287.727822213956
5324.382709537194
5361.291681259597
5398.456498621277
5435.8789350707275
5473.560776349405
5511.503820576976
5549.709878337086
5588.180772763798
5626.918339628536
5665.924427427735
5705.200897470991
5744.749623969947
5784.572494127645
5824.671408228659
5865.048279729691
5905.705035350962
5946.643615168083
5987.865972704644
6029.3740750254665
6071.169902830414
6113.255450548948
6155.632726435278
6198.303752664199
6241.270565427561
6284.535216518611
6328.099767573957
6371.9662988221135
6416.136903501869
6460.613689361734
6505.398778760426
6550.494308768227
6595.9024312688925
6641.625313062394
6687.665135968254
6734.024096929712
6780.704405267482
6827.708294020427
6875.038003443564
6922.695792030071
6970.683937512367
7019.004719050128
7067.660453180607
7116.653458087607
7165.986071632758
7215.660647883046
7265.679557223059
7316.045186468173
7366.759938978349
7417.826234772953
7469.246510646071
7521.023220282923
7573.158834376872
7625.655840747334
7678.5167444584895
7731.74406793886
7785.340351101575
7839.308151465688
7893.6500442781135
7948.368622636594
8003.466497613355
8058.946298379768
8114.810672331771
8171.062285216208
8227.703821258
8284.737983288313
8342.167492873396
8399.995090444607
8458.223535429024
8516.855606381252
8575.894101115888
8635.341836841133
8695.201650293126
8755.47639787141
8816.168955775101
8877.282220140287
8938.819107178066
9000.782553313851
9063.175515327319
9126.000970493702
9189.261916725662
9252.961372716492
9317.102378084055
9381.687993515892
9446.721300915222
9512.205403548074
9578.143426191285
9644.53851528165
9711.393839066057
9778.712587752625
9846.497973663061
9914.75323138576
9983.4816179303
10052.686412882776
10122.370918562337
10192.538460178725
10263.192385991006
10334.33606746724
10405.972899445494
10478.106300295676
10550.739712082823
10623.876600731179
10697.520456189724
10771.674792598591
10846.343148456852
10921.52908679125
10997.236195326355
11073.468086655608
11150.228398413888
11227.520793450873
11305.348960006017
11383.716611884422
11462.627488634123
11542.08535572445
11622.094004725817
11702.65725349049
11783.778946334964
11865.462954223187
11947.713174951494
12030.533533334385
12113.927981391986
12197.900498538489
12282.455091772163
12367.595795866411
12453.32667356249
12539.65181576318
12626.575341728145
12714.101399270354
12802.234164954145
12890.97784429441
12980.336671957344
13070.314911962436
13160.916857886017
13252.14683306608
13344.009190808662
13436.508314595378
13529.648618292875
13623.43454636319
13717.870574075992
13812.961207722019
13908.710984828227
14005.124474374163
14102.206277010151
14199.961025276634
14298.393383825452
14397.508049642156
14497.309752270425
14597.803254037502
14698.99335028159
14800.88486958059
14903.482673982586
15006.791659237768
15110.81675503214
15215.562925222559
15321.035168073888
15427.238516497293
15534.178038290394
15641.858836379204
15750.286049061495
15859.46485025219
15969.400449729945
16080.098093386066
16191.563063474548
16303.800678864362
16416.816295293065
16530.615305622563
16645.203140096204
16760.58526659814
16876.767190914008
16993.754456993873
17111.55264721658
17230.16738265629
17349.60432335053
17469.86916857051
17590.967657092766
17712.90556747333
17835.68871832318
17959.322968586133
18083.8142178182
18209.168406469307
18335.391516166517
18462.489569999703
18590.46863280879
18719.33481147325
18849.09425520336
18979.75315583386
19111.317748119138
19243.79431003099
19377.189163058018
19511.508672507345
19646.759247808302
19782.94734281836
19920.079456130963
20058.162131385798
20197.201957580775
20337.205569386748
20478.179647463865
20620.130918780516
20763.066156934114
20906.99218247461
21051.91586322964
21197.844114632528
21344.783900051993
21492.742231124696
21641.726168089557
21791.7428201249
21942.79934568741
22094.902952854027
22248.0608996656
22402.28049447347
22557.569096287956
22713.934115129796
22871.383012383427
23029.92330115332
23189.562546622215
23350.30836641232
23512.168430948663
23675.150463825223
23839.26224217332
24004.511597032964
24170.90641372617
24338.4546322337
24507.164247573437
24677.043310182242
24848.099926300038
25020.342258356366
25193.778525360325
25368.417003292216
25544.26602549905
25721.333983091572
25899.62932534528
26079.160560103002
26259.936254181404
26441.965033779335
26625.25558488984
26809.816653714213
26995.65704707978
27182.78563285972
27371.211340396618
27560.94316092817
27751.99014801653
27944.36141798007
28138.06615032867
28333.11358820139
28529.513038807883
28727.273873872175
28926.405530080207
29126.91750952977
29328.819380184297
29532.120776328964
29736.83139903095
29942.961016601756
30150.519465063964
30359.51664861995
30569.962540125038
30781.867181562877
30995.240684525146
31210.093230693514
31426.43507232596
31644.276532745564
31863.628006833504
32084.499961524714
32306.902936307633
32530.847543726875
32756.34446988992
32983.40447497652
33212.03839375292
33442.25713608807
33674.071687474745
33907.49310955346
34142.532540640546
34379.20119625931
34617.51036967563
34857.47143243635
35099.09583491242
35342.39510684484
35587.380857895056
35834.06477819891
36082.45863892444
36332.574292833524
36584.4236748476
36838.01880261697
37093.37177709448
37350.49478311263
37609.40008996545
37870.10005199349
38132.607109173674
38396.93378771265
38663.09270064483
38931.09654843383
39200.9581195789
39472.69029122484
39746.30602977668
40021.81839151843
40299.240523235734
40578.58566284371
40859.86714001817
41143.098376781905
41428.292888342985
41715.46428344629
42004.62626527327
42295.79263182177
42588.97727690039
42884.19419056998
43181.45745986574
43480.78126946982
43782.17990238767
44085.66774063007
44391.25926589909
44698.96906027928
45008.81180693325
45320.80229080277
45634.95539931366
45951.28612308685
46269.809556652945
46590.5408991733
46913.49545516451
47238.6886352294
47566.135956791666
47895.853044837124
48227.85563265848
48562.15956260675
48898.78078684677
49237.73536811868
49579.03948050414
49922.70941019836
50268.761556286976
50617.21243152887
50968.07866314381
51321.37699360617
51677.12428144346
52035.3375020412
52396.03374845243
52759.230232213944
53124.94428416704
53493.193355284886
53863.99501750484
54237.36696456745
54613.32701286017
54991.89310226823
55373.08329702975
55756.915786598634
56143.40888651181
56532.581039263794
56924.45081518613
57319.03691333407
57716.35816237837
58116.43352150408
58519.28208131508
58924.92306474503
59333.375827974596
59744.65986135529
60158.79479033919
60575.80037641572
60995.696518054254
61418.503251654096
61844.24075249992
62272.929335725385
62704.58945728134
63139.2417149132
63576.906849142615
64017.60574425814
64461.35942931137
64908.189079120006
65358.11601527902
65811.16170717734
66267.34777302301
66726.69598087411
67189.22824967791
67654.96665031642
68123.93340666013
68596.1508966276
69071.64165325431
69550.42836576686
70032.53388066647
70517.98120281856
71006.79349655095
71498.99408675864
71994.60646001752
72493.65426570438
72996.16131712608
73502.15159265502
74011.64923687425
74524.67856172888
75041.2640476865
75561.43034490533
76085.20227441029
76612.6048292774
77143.66317582672
77678.4026548228
78216.84878268407
78759.02725270035
79304.96393625908
79854.68488407931
80408.21632745548
80965.58467950836
81526.81653644633
82091.93867883336
82660.97807286798
83233.9618716689
83810.91741657227
84391.87223843436
84976.85405894712
85565.89079195955
86159.01054481076
86756.24161967023
87357.61251488929
87963.15192635985
88572.88874888499
89186.8520775563
89805.07120914386
90427.57564349235
91054.39508493066
91685.55944368742
92321.09883731992
92961.04359214962
93605.42424471094
94254.27154320678
94907.61644897694
95565.4901379748
96227.92400225534
96894.9496514727
97566.59891438913
98242.90384039284
98923.89670102851
99609.60999153595
100300.0764324019
100995.32897091995
101695.40078276423
102400.32527357132
103110.13608053462
103824.8670740101
104544.55235913103
105269.22627743681
105998.92340851082
106733.67857163108
107473.52682743076
108218.50347957268
108968.64407643194
109723.98441279445
110484.56053156275
111250.40872547768
112021.56553884885
112798.06776929958
113579.95246952155
114367.25694904402
115160.01877601324
115958.27577898602
116762.06604873332
117571.42794005996
118386.4000736328
119207.02133782477
120033.33089057005
120865.36816123298
121703.17285248886
122546.78494221914
123396.24468541887
124251.59261611721
125112.86954931192
125980.11658291731
126853.37509972397
127732.68676937548
128618.09355035462
129509.63769198749
130407.36173645774
131311.3085208382
132221.52117913356
133138.04314433964
134060.9181505151
134990.1902348693
135925.90373986203
136868.10331532173
137816.83392057338
138772.1408265851
139734.0696181315
140702.6661959622
141677.9767789971
142660.04790653018
143648.92644045036
144644.65956747855
145647.29480141742
146656.8799854202
147673.46329427318
148697.0932366944
149727.8186576476
150765.6887406748
151810.75301024146
152863.06133410064
153922.6639256718
154989.61134643768
156063.95450835652
157145.7446762912
158235.03347045576
159331.87286887935
160436.31520988417
161548.413194586
162668.21988940614
163795.78872860566
164931.17351683378
166074.42843169617
167225.60802633993
168384.76723205575
169551.83380082023
170727.24610833713
171910.67755588895
173102.31217381897
174302.2068238241
175510.41876174632
176727.00564030785
177952.02551185925
179185.53683115172
180427.5984581248
181678.2696607166
182937.61011768994
184205.6799214822
185482.5395810707
186768.25002486253
188062.87260359823
189366.46909328378
190679.10169813407
192000.8330535446
193331.72622907776
194671.84473147412
196021.25250768114
197380.01394790644
198748.19388868829
200125.8576159918
201513.070868321
202909.89983985948
204316.41118362575
205732.67201463744
207158.74991317882
208594.71292794388
210040.62957931662
211496.56886264792
212962.60025154165
214438.7937011698
215925.21965161068
217421.94903120986
218929.05325996442
220446.60425293236
221974.67442366175
223513.33668764864
225062.66446581442
226622.731688011
228193.61279654654
229775.3827497397
231368.1170254943
232971.89162490377
234586.78307587423
236212.86843677977
237850.22530013582
239498.93179630535
241159.06659722375
242830.7089201553
244513.9385314715
246208.83575045882
247915.48145314955
249633.9570761828
251364.34462068885
253106.7266562036
254861.18632460703
256627.80734409156
258406.67401315586
260197.87121462933
262001.4844197192
263817.5996920934
265646.3036919816
267487.6836803163
269341.8275228937
271208.82369456475
273088.76128346106
274981.729995242
276887.8201573789
278807.12272346084
280739.7292775398
282685.73203849635
284645.22386444226
286618.2982571514
288605.0493665212
290605.57199506444
292619.96160243475
294648.314309964
296690.72690531256
298747.2968469927
300818.1222690855
302903.30198590196
305002.93549674546
307117.12299048284
309245.9653505955
311389.5641597828
313548.0217049613
315721.4409819814
317909.92570065777
320113.580289686
322332.50990162854
324566.8204179288
326816.61845396785
329082.01136414614
331363.10724701284
333660.0149504177
335972.84407671005
338301.70498796436
340646.7088112507
343007.96744393354
345385.59355901455
347779.70061050553
350190.40283884585
352617.81527635053
355062.0537527016
357523.2349004732
360001.4761606997
362496.89578844677
365009.6128585718
367539.74727123504
370087.4197577343
372652.7518862338
375235.8660675725
377836.8855610959
380455.9344805471
383093.1377999811
385748.6213597346
388422.5118724252
391114.9369290033
393826.02500483475
396555.90546583757
399304.7085746478
402072.5654968427
404859.60830719274
407665.96999596996
410491.78447528835
413337.18658549903
416202.31210161943
419087.2977398174
421992.28116392845
424917.40099203156
427862.79680305906
430828.60914345755
433814.9795338975
436822.0504760215
439849.9654592486
442898.86896761635
445968.90648668044
449060.224510453
452172.9705483955
455307.29313245404
458463.3418241521
461641.26722172176
464841.22096729354
468063.3557541301
471307.8253339146
474574.7845240848
477864.38921522343
481176.7963784932
484512.16407313105
487870.6514539862
491252.41877911915
494657.6274174442
498086.43985643284
501539.01970986486
505015.5317256394
508516.1417936288
512041.0169536048
515590.3254031992
519164.23650593736
522762.92079931375
526386.5500029349
530035.297026709
533709.3359791008
537408.8421754336
541133.992146264
544884.9636457947
548661.9356603657
552465.0884169884
556294.6033919511
560150.6633194723
564033.4522004272
567943.1553111214
571879.9592058018
575844.0517508538
579835.6220958955
583854.8607079894
587901.9593744567
591977.1112120221
596080.5106760338
600212.3535697383
604372.8370536272
608562.1596548413
612780.5212766505
617028.1232079811
621305.1681330353
625611.8601409495
629948.4047355418
634315.0088451124
638711.8808323242
643139.2305041358
647597.2691218231
652086.2094110529
656606.2655720358
661157.6532897479
665740.5897442249
670355.2936209185
675001.9851211386
679680.8859725551
684392.2194397853
689136.2103350424
693913.085028854
698723.0714608853
703566.3991507993
708443.299209214
713354.004348728
718298.74889503
723277.7687980733
728291.3016433425
733339.5866631799
738422.8647482151
743541.3784588444
748695.3720368191
753885.0914168876
759110.7842385417
764372.6998578239
769671.0893592341
775006.2055677029
780378.3030606643
785787.6381801948
791234.4690452515
796719.0555639846
802241.6594461441
807802.5442155637
813401.9752227374
819040.2196574808
824717.5465616811
830434.226789638
836190.5332277028
841986.7405020256
847823.1251920534
853699.9657943837
859617.5427360694
865576.1383879819
871576.0370783006
877617.5251060696
883700.890754867
889826.4243065539
895994.4180551326
902205.1663206863
908458.965306336
914756.1138978603
921096.9121069635
927481.6626565853
933910.6702098632
940384.2415417493
946902.6855536654
953466.3132882316
960075.4379441133
966730.3748909665
973431.4416844861
980178.9580815542
986973.2460555078
993814.6298114893
1.0007034358019305e6
1.0076399927421199e6
1.0146246316258953e6
1.0216576857414268e6
1.028739490687138e6
1.0358703843876994e6
1.0430507071101752e6
1.0502808014802341e6
1.0575610124985285e6
1.0648916875571252e6
1.0722731764561124e6
1.0797058314202675e6
1.087190007115877e6
1.0947260606676545e6
1.1023143516757889e6
1.1099552422330899e6
1.1176490969422853e6
1.1253962829334042e6
1.1331971698812945e6
1.141052130023276e6
1.1489615381884407e6
1.1569257717693346e6
1.1649452108092867e6
1.1730202379743266e6
1.1811512385829953e6
1.18933860062474e6
1.1975827147784124e6
1.205883974430932e6
1.2142427756960394e6
1.2226595174332077e6
1.231134601266669e6
1.239668431604586e6
1.2482614156583385e6
1.2569139634619716e6
1.265626487891736e6
1.2743994046858198e6
1.2832331324641563e6
1.2921280927484257e6
1.3010847099821481e6
1.3101034115509535e6
1.3191846278029578e6
1.3283287920693192e6
1.3375363406848942e6
1.3468077130090771e6
1.3561433514467462e6
1.3655437014693946e6
1.3750092116363675e6
1.3845403336162816e6
1.3941375222085638e6
1.4038012353651703e6
1.4135319342124178e6
1.4233300830730102e6
1.4331961494881685e6
1.44313060423997e6
1.4531339213737817e6
1.463206578220912e6
1.4733490554213591e6
1.4835618369467694e6
1.4938454101235094e6
1.5042002656559418e6
1.5146268976498216e6
1.5251258036358862e6
1.5356974845935877e6
1.5463424449750087e6
1.5570611927289146e6
1.5678542393250163e6
1.5787220997783567e6
1.5896652926738986e6
1.6006843401912507e6
1.611779768129617e6
1.6229521059328485e6
1.6342018867147444e6
1.6455296472844556e6
1.656935928172129e6
1.6684212736546788e6
1.6799862317817726e6
1.6916313544019742e6
1.7033571971890836e6
1.715164319668634e6
1.7270532852446262e6
1.7390246612263706e6
1.7510790188555927e6
1.7632169333336668e6
1.7754389838490782e6
1.7877457536050528e6
1.8001378298473896e6
1.8126158038924844e6
1.8251802711555327e6
1.8378318311789653e6
1.8505710876610277e6
1.863398648484613e6
1.8763151257462509e6
1.889321135785329e6
1.9024172992134856e6
1.9156042409442444e6
1.9288825902228125e6
1.9422529806561253e6
1.9557160502430634e6
1.9692724414049182e6
1.982922801016013e6
1.9966677804346099e6
2.0105080355339549e6
2.0244442267336026e6
2.0384770190309093e6
2.05260708203278e6
2.0668350899876014e6
2.0811617174520267e6
2.0955876567124573e6
2.110113591847159e6
2.124740215994844e6
2.1394682317270203e6
2.1542983326215544e6
2.16923123090048e6
2.1842676391212996e6
2.1994082747807377e6
2.2146538603489674e6
2.230005123304089e6
2.2454627961668326e6
2.26102761653553e6
2.276700327121286e6
2.292481675783452e6
2.3083724155652747e6
2.3243733047298607e6
2.3404851067963373e6
2.356708590576301e6
2.3730445302104843e6
2.3894937052057213e6
2.4060569004721185e6
2.4227349063605303e6
2.4395285187002434e6
2.456438538836995e6
2.473465773671161e6
2.490611035696307e6
2.5078751430379087e6
2.5252589194924445e6
2.5427631945666536e6
2.560388803517161e6
2.5781365873903e6
2.5960073930622675e6
2.6140020732795163e6
2.632121486699471e6
2.6503664979314655e6
2.6687379775780407e6
2.687236802276448e6
2.705863854740508e6
2.724620023802718e6
2.743506204456674e6
2.7625232978907437e6
2.781672211567173e6
2.8009538592112167e6
2.8203691608908824e6
2.839919043051768e6
2.8596044385613035e6
2.879426286753227e6
2.8993855334724435e6
2.919483131129067e6
2.9397200386992265e6
2.9600972218601056e6
2.9806156529467464e6
3.0012763110430995e6
3.022080182019779e6
3.043028258581147e6
3.0641215403126488e6
3.0853610337285413e6
3.1067477523198854e6
3.1282827166029466e6
3.1499669541678573e6
3.171801499727674e6
3.193787395167729e6
3.2159256895953743e6
3.2382174393900167e6
3.260663708253546e6
3.2832655672610574e6
3.306024094912019e6
3.328940377181666e6
3.3520155075728847e6
3.375250587168335e6
3.398646724683044e6
3.4222050365172536e6
3.4459266468097526e6
3.4698126874914668e6
3.493864298339505e6
3.5180826270315237e6
3.542468829200517e6
3.567024068489918e6
3.591749516609182e6
3.6166463533896403e6
3.6417157668408467e6
3.666958953207216e6
3.6923771170251723e6
3.7179714711805442e6
3.7437432369665187e6
3.7696936441418594e6
3.795823930989631e6
3.822135344376247e6
3.848629139811003e6
3.875306581505949e6
3.90216894243626e6
3.9292175044009313e6
3.9564535580839873e6
3.9838784031160125e6
4.011493348136242e6
4.0392997108549266e6
4.067298818116285e6
4.095492005961747e6
4.1238806196937626e6
4.1524660139399585e6
4.181249552717808e6
4.2102326094996855e6
4.239416567278432e6
4.2688028186333245e6
4.29839276579656e6
4.328187820720124e6
4.358189405143203e6
4.388398950659986e6
4.418817898788027e6
4.449447701036979e6
4.480289818977904e6
4.511345724312957e6
4.542616898945679e6
4.574104835051651e6
4.605811035149747e6