0.
0.
0.
0.
0.
0.
0.
0.
0.
0.
0.
0.
0.
0.
0.
0.
0.
0.
0.
0.
0.
0.
0.
0.
0.
0.
0.
0.
0.
0.
0.
0.
0.
0.
0.
0.
0.
0.
0.
0.
0.
0.
0.
0.
0.
0.
0.
0.
0.
0.
0.
0.
0.
0.
0.
0.
0.
0.
0.
0.
0.
0.
0.
0.
0.
0.
0.
0.
0.
0.
0.
0.
0.
0.
0.
0.
0.
0.
0.
0.
0.
0.
0.
0.
0.
0.
0.
0.
0.
0.
0.
0.
0.
0.
0.
0.
0.
0.
0.
0.
0.
0.
0.
0.
0.
0.
0.
0.
0.
0.
0.
0.
0.
0.
0.
0.
0.
0.
0.
0.
0.
0.
0.
0.
0.
0.
0.
0.
0.
0.
0.
0.
0.
0.
0.
0.
0.
0.
0.
0.
0.
0.
0.
0.
0.
0.
0.
0.
0.
0.
0.
0.
0.
0.
0.
0.
0.
0.
0.
0.
0.
0.
0.
0.
0.
0.
0.
0.
0.
0.
0.
0.
0.
0.
0.
0.
0.
0.
0.
0.
0.
0.
0.
0.
0.
0.
0.
0.
0.
0.
0.
0.
0.
0.
0.
0.
0.
0.
0.
0.
0.
0.
0.
0.
0.
0.
0.
0.
0.
0.
0.
0.
0.
0.
0.
0.
0.
0.
0.
0.
0.
0.
0.
0.
0.
0.
0.
0.
0.
0.
0.
0.
0.
0.
0.
0.
0.
0.
0.
0.
0.
0.
0.
0.
0.
0.
0.
0.
0.
0.
0.
0.
0.
0.
0.
0.
0.
0.
0.
0.
0.
0.
0.
0.
0.
0.
0.
0.
0.
0.
0.
0.
0.
0.
0.
0.
0.
0.
0.
0.
0.
0.
0.
0.
0.
0.
0.
0.
0.
0.
0.
0.
0.
0.
0.
0.
0.
0.
0.
0.
0.
0.
0.
0.
0.
0.
0.
0.
0.
0.
0.
0.
0.
0.
0.
0.
0.
0.
0.
0.
0.
0.
0.
0.
0.
0.
0.
0.
0.
0.
0.
0.
0.
0.
0.
0.
0.
0.
0.
0.
0.
0.
0.
0.
0.
0.
0.
0.
0.
0.
0.
0.
0.
0.
0.
0.
0.
0.
0.
0.
0.
0.
0.
0.
0.
0.
0.
0.
0.
0.
0.
0.
0.
0.
0.
0.
0.
0.
0.
0.
0.
0.
0.
0.
0.
0.
0.
0.
0.
0.
0.
0.
0.
0.
0.
0.
0.
0.
0.
0.
0.
0.
0.
0.
0.
0.
0.
0.
0.
0.
0.
0.
0.
0.
0.
0.
0.
0.
0.
0.
0.
0.
0.
0.
0.
0.
0.
0.
0.
0.
0.
0.
0.
0.
0.
0.
0.
0.
0.
0.
0.
0.
0.
0.
0.
0.
0.
0.
0.
0.
0.
0.
0.
0.
0.
0.
0.
0.
0.
0.
0.
0.
0.
0.
0.
0.
0.
0.
0.
0.
0.
0.
0.
0.
0.
0.
0.
0.
0.
0.
0.
0.
0.
0.
0.
0.
0.
0.
0.
0.
0.
0.
0.
0.
0.
0.
0.
0.
0.
0.
0.
0.
0.
0.
0.
0.
0.
0.
0.
0.
0.
0.
0.
0.
0.
0.
0.
0.
0.
0.
0.
0.
0.
0.
0.
0.
0.
0.
0.
0.
0.
0.
0.
0.
0.
0.
0.
0.
0.
0.
0.
0.
0.
0.
0.
0.
0.
0.
0.
0.
0.
0.
0.
0.
0.
0.
0.
0.
0.
0.
0.
0.
0.
0.
0.
0.
0.
0.
0.
0.
0.
0.
0.
0.
0.
0.
0.
0.
0.
0.
0.
0.
0.
0.
0.
0.
0.
0.
0.
0.
0.
0.
0.
0.
0.
0.
0.
0.
0.
0.
0.
0.
0.
0.
0.
0.
0.
0.
0.
0.
0.
0.
0.
0.
0.
0.
0.
0.
0.
0.
0.
0.
0.
0.
0.
0.
0.
0.
0.
0.
0.
0.
0.
0.
0.
0.
0.
0.
0.
0.
0.
0.
0.
0.
0.
0.
0.
0.
0.
0.
0.
0.
0.
0.
0.
0.
0.
0.
0.
0.
0.
0.
0.
0.
0.
0.
0.
0.
0.
0.
0.
0.
0.
0.
0.
0.
0.
0.
0.
0.
0.
0.
0.
0.
0.
0.
0.
0.
0.
0.
0.
0.
0.
0.
0.
0.
0.
0.
0.
0.
0.
0.
0.
0.
0.
0.
0.
0.
0.
0.
0.
0.
0.
0.
0.
0.
0.
0.
0.
0.
0.
0.
0.
0.
0.
0.
0.
0.
0.
0.
0.
0.
0.
0.
0.
0.
0.
0.
0.
0.
0.
0.
0.
0.
0.
0.
0.
0.
0.
0.
0.
0.
0.
0.
0.
0.
0.
0.
0.
0.
0.
0.
0.
0.
0.
0.
0.
0.
0.
0.
0.
0.
0.
0.
0.
0.
0.
0.
0.
0.
0.
0.
0.
0.
0.
0.
0.
0.
0.
0.
0.
0.
0.
0.
0.
0.
0.
0.
0.
0.
0.
0.
0.
0.
0.
0.
0.
0.
0.
0.
0.
0.
0.
0.
0.
0.
0.
0.
0.
0.
0.
0.
0.
0.
0.
0.
0.
0.
0.
0.
0.
0.
0.
0.
0.
0.
0.
0.
0.
0.
0.
0.
0.
0.
0.
0.
0.
0.
0.
0.
0.
0.
0.
0.
0.
0.
0.
0.
0.
0.
0.
0.
0.
0.
0.
0.
0.
0.
0.
0.
0.
0.
0.
0.
0.
0.
0.
0.
0.
0.
0.
0.
0.
0.
0.
0.
0.
0.
0.
0.
0.
0.
0.
0.
0.
0.
0.
0.
0.
0.
0.
0.
0.
0.
0.
0.
0.
0.
0.
0.
0.
0.
0.
0.
0.
0.
0.
0.
0.
0.
0.
0.
0.
0.
0.
0.
0.
0.
0.
0.
0.
0.
0.
0.
0.
0.
0.
0.
0.
0.
0.
0.
0.
0.
0.
0.
0.
0.
0.
0.
0.
0.
0.
0.
0.
0.
0.
0.
0.
0.
0.
0.
0.
0.
0.
0.
0.
0.
0.
0.
0.
0.
0.
0.
0.
0.
0.
0.
0.
0.
0.
0.
0.
0.
0.
0.
0.
0.
0.
0.
0.
0.
0.
0.
0.
0.
0.
0.
0.
0.
0.
0.
0.
0.
0.
0.
0.
0.
0.
0.
0.
0.
0.
0.
0.
0.
0.
0.
0.
0.
0.
0.
0.
0.
0.
0.
0.
0.
0.
0.
0.
0.
0.
0.
0.
0.
0.
0.
0.
0.
0.
0.
0.
0.
0.
0.
0.
0.
0.
0.
0.
0.
0.
0.
0.
0.
0.
0.
0.
0.
0.
0.
0.
0.
0.
0.
0.
0.
0.
0.
0.
0.
0.
0.
0.
0.
0.
0.
0.
0.
0.
0.
0.
0.
0.
0.
0.
0.
0.
0.
0.
0.
0.
0.
0.
0.
0.
0.
0.
0.
0.
0.
0.
0.
0.
0.
0.
0.
0.
0.
0.
0.
0.
0.
0.
0.
0.
0.
0.
0.
0.
0.
0.
0.
0.
0.
0.
0.
0.
0.
0.
0.
0.
0.
0.
0.
0.
0.
0.
0.
0.
0.
0.
0.
0.
0.
0.
0.
0.
0.
0.
0.
0.
0.
0.
0.
0.
0.
0.
0.
0.
0.
0.
0.
0.
0.
0.
0.
0.
0.
0.
0.
0.
0.
0.
0.
0.
0.
0.
0.
0.
0.
0.
0.
0.
0.
0.
0.
0.
0.
0.
0.
0.
0.
0.
0.
0.
0.
0.
0.
0.
0.
0.
0.
0.
0.
0.
0.
0.
0.
0.
0.
0.
0.
0.
0.
0.
0.
0.
0.
0.
0.
0.
0.
0.
0.
0.
0.
0.
0.
0.
0.
0.
0.
0.
0.
0.
0.
0.
0.
0.
0.
0.
0.
0.
0.
0.
0.
0.
0.
0.
0.
0.
0.
0.
0.
0.
0.
0.
0.
0.
0.
0.
0.
0.
0.
0.
0.
0.
0.
0.
0.
0.
0.
0.
0.
0.
0.
0.
0.
0.
0.
0.
0.
0.
0.
0.
0.
0.
0.
0.
0.
0.
0.
0.
0.
0.
0.
0.
0.
0.
0.
0.
0.
0.
0.
0.
0.
0.
0.
0.
0.
0.
0.
0.
0.
0.
0.
0.
0.
0.
0.
0.
0.
0.
0.
0.
0.
0.
0.
0.
0.
0.
0.
0.
0.
0.
0.
0.
0.
0.
0.
0.
0.
0.
0.
0.
0.
0.
0.
0.
0.
0.
0.
0.
0.
0.
0.
0.
0.
0.
0.
0.
0.
0.
0.
0.
0.
0.
0.
0.
0.
0.
0.
0.
0.
0.
0.
0.
0.
0.
0.
0.
0.
0.
0.
0.
0.
0.
0.
0.
0.
0.
0.
0.
0.
0.
0.
0.
0.
0.
0.
0.
0.
0.
0.
0.
0.
0.
0.
0.
0.
0.
0.
0.
0.
0.
0.
0.
0.
0.
0.
0.
0.
0.
0.
0.
0.
0.
0.
0.
0.
0.
0.
0.
0.
0.
0.
0.
0.
0.
0.
0.
0.
0.
0.
0.
0.
0.
0.
0.
0.
0.
0.
0.
0.
0.
0.
0.
0.
0.
0.
0.
0.
0.
0.
0.
0.
0.
0.
0.
0.
0.
0.
0.
0.
0.
0.
0.
0.
0.
0.
0.
0.
0.
0.
0.
0.
0.
0.
0.
0.
0.
0.
0.
0.
0.
0.
0.
0.
0.
0.
0.
0.
0.
0.
0.
0.
0.
0.
0.
0.
0.
0.
0.
0.
0.
0.
0.
0.
0.
0.
0.
0.
0.
0.
0.
0.
0.
0.
0.
0.
0.
0.
0.
0.
0.
0.
0.
0.
0.
0.
0.
0.
0.
0.
0.
0.
0.
0.
0.
0.
0.
0.
0.
0.
0.
0.
0.
0.
0.
0.
0.
0.
0.
0.
0.
0.
0.
0.
0.
0.
0.
0.
0.
0.
0.
0.
0.
0.
0.
0.
0.
0.
0.
0.
0.
0.
0.
0.
0.
0.
0.
0.
0.
0.
0.
0.
0.
0.
0.
0.
0.
0.
0.
0.
0.
0.
0.
0.
0.
0.
0.
0.
0.
0.
0.
0.
0.
0.
0.
0.
0.
0.
0.
0.
0.
0.
0.
0.
0.
0.
0.
0.
0.
0.
0.
0.
0.
0.
0.
0.
0.
0.
0.
0.
0.
0.
0.
0.
0.
0.
0.
0.
0.
0.
0.
0.
0.
0.
0.
0.
0.
0.
0.
0.
0.
0.
0.
0.
0.
0.
0.
0.
0.
0.
0.
0.
0.
0.
0.
0.
0.
0.
0.
0.
0.
0.
0.
0.
0.
0.
0.
0.
0.
0.
0.
0.
0.
0.
0.
0.
0.
0.
0.
0.
0.
0.
0.
0.
0.
0.
0.
0.
0.
0.
0.
0.
0.
0.
0.
0.
0.
0.
0.
0.
0.
0.
0.
0.
0.
0.
0.
0.
0.
0.
0.
0.
0.
0.
0.
0.
0.
0.
0.
0.
0.
0.
0.
0.
0.
0.
0.
0.
0.
0.
0.
0.
0.
0.
0.
0.
0.
0.
0.
0.
0.
0.
0.
0.
0.
0.
0.
0.
0.
0.
0.
0.
0.
0.
0.
0.
0.
0.
0.
0.
0.
0.
0.
0.
0.
0.
0.
0.
0.
0.
0.
0.
0.
0.
0.
0.
0.
0.
0.
0.
0.
0.
0.
0.
0.
0.
0.
0.
0.
0.
0.
0.
0.
0.
0.
0.
0.
0.
0.
0.
0.
0.
0.
0.
0.
0.
0.
0.
0.
0.
0.
0.
0.
0.
0.
0.
0.
0.
0.
0.
0.
0.
0.
0.
0.
0.
0.
0.
0.
0.
0.
0.
0.
0.
0.
0.
0.
0.
0.
0.
0.
0.
0.
0.
0.
0.
0.
0.
0.
0.
0.
0.
0.
0.
0.
0.
0.
0.
0.
0.
0.
0.
0.
0.
0.
0.
0.
0.
0.
0.
0.
0.
0.
0.
0.
0.
0.
0.
0.
0.
0.
0.
0.
0.
0.
0.
0.
0.
0.
0.
0.
0.
0.
0.
0.
0.
0.
0.
0.
0.
0.
0.
0.
0.
0.
0.
0.
0.
0.
0.
0.
0.
0.
0.
0.
0.
0.
0.
0.
0.
0.
0.
0.
0.
0.
0.
0.
0.
0.
0.
0.
0.
0.
0.
0.
0.
0.
0.
0.
0.
0.
0.
0.
0.
0.
0.
0.
0.
0.
0.
0.
0.
0.
0.
0.
0.
0.
0.
0.
0.
0.
0.
0.
0.
0.
0.
0.
0.
0.
0.
0.
0.
0.
0.
0.
0.
0.
0.
0.
0.
0.
0.
0.
0.
0.
0.
0.
0.
0.
0.
0.
0.
0.
0.
0.
0.
0.
0.
0.
0.
0.
0.
0.
0.
0.
0.
0.
0.
0.
0.
0.
0.
0.
0.
0.
0.
0.
0.
0.
0.
0.
0.
0.
0.
0.
0.
0.
0.
0.
0.
0.
0.
0.
0.
0.
0.
0.
0.
0.
0.
0.
0.
0.
0.
0.
0.
0.
0.
0.
0.
0.
0.
0.
0.
0.
0.
0.
0.
0.
0.
0.
0.
0.
0.
0.
0.
0.
0.
0.
0.
0.
0.
0.
0.
0.
0.
0.
0.
0.
0.
0.
0.
0.
0.
0.
0.
0.
0.
0.
0.
0.
0.
0.
0.
0.
0.
0.
0.
0.
0.
0.
0.
0.
0.
0.
0.
0.
0.
0.
0.
0.
0.
0.
0.
0.
0.
0.
0.
0.
0.
0.
0.
0.
0.
0.
0.
0.
0.
0.
0.
0.
0.
0.
0.
0.
0.
0.
0.
0.
0.
0.
0.
0.
0.
0.
0.
0.
3.46456880355033e-310
4.3589922682764183e-308
3.966614935342116e-307
2.381292766551912e-306
1.269625395761486e-305
6.516630558549777e-305
3.3002098090681735e-304
1.660753628955826e-303
8.321013204072844e-303
4.1531089938376605e-302
2.0651548021524723e-301
1.0231314247766603e-300
5.050291557757914e-300
2.483775613776909e-299
1.2170907484838549e-298
5.9422629769043914e-298
2.8906980809200165e-297
1.4011324465092624e-296
6.766823616566311e-296
3.2562920243465044e-295
1.5613427903295853e-294
7.459559846726516e-294
3.551172382373315e-293
1.6845251431168585e-292
7.962216885545484e-292
3.750117148839398e-291
1.7600035625729796e-290
8.230831038011963e-290
3.835648420981207e-289
1.7811577917861546e-288
8.242102605647627e-288
3.800573814357986e-287
1.7463824823208287e-286
7.996723847878622e-286
3.648974755868587e-285
1.659277900216225e-284
7.519005160146744e-284
3.395455842324692e-283
1.5280434337373549e-282
6.8529358962052615e-282
3.062840916506222e-281
1.364213823247136e-280
6.055557225403636e-280
2.6788158447570833e-279
1.1810059777684638e-278
5.1890185802100983e-278
2.272195230110713e-277
9.91600500179878e-277
4.31282548560484e-276
1.8694956523379943e-275
8.076586039864238e-275
3.47756562831999e-274
1.4923487979888602e-273
6.382872669931467e-273
2.720922613547316e-272
1.1560422138250852e-271
4.895443102813004e-271
2.0662099245120734e-270
8.692091774027268e-270
3.644558132314314e-269
1.5231387484204685e-268
6.344703585480642e-268
2.634291109068436e-267
1.0901845364309767e-266
4.49700477640153e-266
1.8490004193384007e-265
7.577819251860926e-265
3.095624542061203e-264
1.2605275839303313e-263
5.116343327813316e-263
2.0700149023480337e-262
8.348278627508614e-262
3.35608744098145e-261
1.3448865768219944e-260
5.3722633340192614e-260
2.139199773066103e-259
8.491237366699359e-259
3.359845958421384e-258
1.3252556135502925e-257
5.210926963429391e-257
2.0425302960702094e-256
7.981110927768153e-256
3.10887049479249e-255
1.2072284930374179e-254
4.673335878757316e-254
1.8035088989658895e-253
6.938513789555345e-253
2.661182035751949e-252
1.0175265586840333e-251
3.878671887261635e-251
1.4739729624631476e-250
5.584293537883008e-250
2.1092218477027753e-249
7.942452586207166e-249
2.9817305005595215e-248
1.1160060902194106e-247
4.1643975964254175e-247
1.5492741484462178e-246
5.746426254714089e-246
2.125024211272476e-245
7.8348269182478e-245
2.8800325859886527e-244
1.055530656282304e-243
3.8570274806508736e-243
1.4052254861224142e-242
5.1045054175301515e-242
1.8487519442952854e-241
6.676116274481196e-241
2.4037669355294435e-240
8.629526675165985e-240
3.0889485685438853e-239
1.1024689969867352e-238
3.923349665301595e-238
1.3921482279623062e-237
4.925549376722548e-237
1.737670813696871e-236
6.112612389513195e-236
2.1440534708055735e-235
7.498884200186652e-235
2.615247720998473e-234
9.094671787006838e-234
3.1537124943999664e-233
1.0904879888538896e-232
3.759986080845657e-232
1.2927691743131956e-231
4.4322879676300554e-231
1.5153397093643578e-230
5.166184482125285e-230
1.7563477124287956e-229
5.95435295853957e-229
2.0130053775044072e-228
6.78647683988796e-228
2.2815798296443298e-227
7.649298453552901e-227
2.5574370685128446e-226
8.526847255381894e-226
2.835142868002444e-225
9.400849603505379e-225
3.1086204429266574e-224
1.0251312455932477e-223
3.3713602000635573e-223
1.1057258956535812e-222
3.616672367948333e-222
1.1797580056235673e-221
3.837969197255993e-221
1.2451954537774876e-220
4.029060181536414e-220
1.3001781386948102e-219
4.184441743745352e-219
1.3431064413751127e-218
4.2995623326118367e-218
1.3727189987843833e-217
4.371044990368224e-217
1.3881544817372736e-216
4.3968521367235624e-216
1.3889931431208866e-215
4.3763813426902543e-215
1.3752753482354843e-214
4.310485876334256e-214
1.3474959834903241e-213
4.201419321096124e-213
1.3065754041133933e-212
4.052709076442655e-212
1.2538092607652979e-211
3.8689685402140326e-211
1.1908009861500998e-210
3.65566179894736e-210
1.1193818021768564e-209
3.418837387523725e-209
1.0415237439999218e-208
3.1648489391324952e-208
9.592513561638774e-208
2.900080305078452e-207
8.745574144855487e-207
2.6306911064998057e-206
7.893273259700157e-206
2.3623959377800643e-205
7.052758531190558e-205
2.100286914270004e-204
6.238986147435274e-204
1.8487053289679918e-203
5.464395558645558e-203
1.6111642371337692e-202
4.738743705190908e-202
1.3903201661641147e-201
4.0690880092921835e-201
1.1879891199966619e-200
3.459898958813954e-200
1.0051997913663467e-199
2.913277313953635e-199
8.422754928268613e-199
2.4292478870745432e-198
6.989357586261343e-198
2.0061013227438224e-197
5.744087678501533e-197
1.6407569692616374e-196
4.675465529243925e-196
1.3291232764909319e-195
3.769362129905872e-195
1.0664366060633821e-194
3.010018663973002e-194
8.475643323036722e-194
2.380936789498293e-193
6.67263138616257e-193
1.8656184869127116e-192
5.203880654859222e-192
1.4481480260720455e-191
4.020518511288089e-191
1.1136199285332656e-190
3.0773725357791603e-190
8.484253407446738e-190
2.333672937379778e-189
6.404149553063114e-189
1.7533974424156702e-188
4.78959736600106e-188
1.305328073807711e-187
3.549316113279182e-187
9.628891718205652e-187
2.606254545597647e-186
7.038312425256156e-186
1.896416435715852e-185
5.098173459441454e-185
1.3674564254837427e-184
3.6595917066532263e-184
9.771793404644131e-184
2.603398617762763e-183
6.920445581615861e-183
1.8355096770767486e-182
4.857477127963917e-182
1.2826215813846455e-181
3.379264898600989e-181
8.883499128775582e-181
2.3301626463528127e-180
6.098611385362548e-180
1.5926503403123128e-179
4.150083823406475e-179
1.0790521689537317e-178
2.7994927411881877e-178
7.247191908460598e-178
1.8720432021562975e-177
4.8252501542068435e-177
1.2410344223283106e-176
3.1850042183420434e-176
8.156438069665738e-176
2.0842872556369461e-175
5.314754997710249e-175
1.3523207533209547e-174
3.433595270936637e-174
8.699485103167071e-174
2.1994555030061703e-173
5.549017813221302e-173
1.397006679415113e-172
3.5096546482622326e-172
8.798647732843828e-172
2.2011783139948824e-171
5.495210930039386e-171
1.3690063067188772e-170
3.403459280323257e-170
8.443680298693053e-170
2.0904567890328617e-169
5.164768663268294e-169
1.2733942579133653e-168
3.133136384425696e-168
7.693114069774458e-168
1.885096375134147e-167
4.6097302190302426e-167
1.1249418427450782e-166
2.7396760822831867e-166
6.658634619309135e-166
1.6150642514378972e-165
3.9094455667501947e-165
9.444159330862412e-165
2.2768594698812944e-164
5.478175565237414e-164
1.315420101193386e-163
3.152272933701236e-163
7.539038520425609e-163
1.7994629805797199e-162
4.2865378775252333e-162
1.0190821508715741e-161
2.417978781242795e-161
5.725830836632314e-161
1.3532226234914611e-160
3.1918807875515334e-160
7.514026360846618e-160
1.76542536843931e-159
4.1397923922238514e-159
9.688627547018938e-159
2.263093014885804e-158
5.275953168250537e-158
1.2276081976401191e-157
2.8508927487209828e-157
6.607941007530553e-157
1.52868335105786e-156
3.529692993844281e-156
8.134413819565038e-156
1.8710587885787965e-155
4.29558532729879e-155
9.84312303978847e-155
2.2512359739521055e-154
5.139117653444121e-154
1.1709474962954271e-153
2.6629897127789293e-153
6.044865446627385e-153
1.369590532688167e-152
3.0973029038900093e-152
6.991450823802184e-152
1.5752282413007748e-151
3.542534457281798e-151
7.952083680860805e-151
1.7817464945894163e-150
3.9848395760255356e-150
8.895647569357148e-150
1.9822020847816165e-149
4.408834065691944e-149
9.78829098118872e-149
2.1691975477005564e-148
4.7984643551711685e-148
1.0595420347826858e-147
2.3353322095082135e-147
5.138016734577209e-147
1.1283933780460393e-146
2.4736913516012674e-146
5.413177327082285e-146
1.1824493558473047e-145
2.5783280968611425e-145
5.612042258715122e-145
1.2193617867002319e-144
2.644690766352561e-144
5.725977761127417e-144
1.237538218785825e-143
2.669952589823484e-143
5.750243067283927e-143
1.2362557751052737e-142
2.6532103937963898e-142
5.684313446121886e-142
1.2157073949588582e-141
2.5955329629787775e-141
5.531873266006469e-141
1.176976542478885e-140
2.499856215206882e-140
5.300485017215389e-140
1.1219442273428762e-139
2.3707388392500624e-139
5.000974725329914e-139
1.0531392734131402e-138
2.2140063559651984e-138
4.646602494231875e-138
9.735482402157956e-138
2.0363218333179576e-137
4.2521055081740216e-137
8.86404600616997e-137
1.8447265729850193e-136
3.832707825187781e-136
7.949774336801763e-136
1.6461936908739816e-135
3.403186676021469e-135
7.023781258013784e-135
1.44723216072052e-134
2.9770704012650235e-134
6.113998463532657e-134
1.2535697679453468e-133
2.5660215453162722e-133
5.243995710099699e-133
1.0699321306352241e-132
2.1794335569427626e-132
4.432269544245475e-132
8.999231869567284e-132
1.8242446661348795e-131
3.6919916277517216e-131
7.46001875071263e-131
1.5049508830688833e-130
3.0311646772673332e-130
6.0954129556586066e-130
1.2237838811752134e-129
2.453103700874135e-129
4.90951124115445e-129
9.810098460352483e-129
1.9571441356896715e-128
3.898415899252032e-128
7.753021992507573e-128
1.5394759887266617e-127
3.0520767238114362e-127
6.041435736418534e-127
1.1940117997876896e-126
2.3561469739644078e-126
4.642190828907407e-126
9.132128236212225e-126
1.793704752490374e-125
3.517721092109618e-125
6.88818608098419e-125
1.3467373259072955e-124
2.6290388998979317e-124
5.124467496073288e-124
9.973316759636746e-124
1.9380775103579062e-123
3.760493540189948e-123
7.285548283955577e-123
1.409369383616057e-122
2.7222883800904194e-122
5.250390832507302e-122
1.0111110174401222e-121
1.944273040404628e-121
3.7330891368900823e-121
7.157043364189033e-121
1.3701073799996727e-120
2.6189832028738786e-120
4.998842452482335e-120
9.527222104623632e-120
1.8131123090332134e-119
3.4454517070195307e-119
6.537807622073769e-119
1.238751171557357e-118
2.3437077097002578e-118
4.427837798499309e-118
8.353150262178339e-118
1.5735504391678355e-117
2.9599492997385403e-117
5.5598432365176015e-117
1.0428381963096484e-116
1.9532096307193295e-116
3.653084851108135e-116
6.822618170788642e-116
1.2724015880388548e-115
2.3696302717145677e-115
4.406782798692063e-115
8.18368277347662e-115
1.5176213381180812e-114
2.8103924344955425e-114
5.1970969954007156e-114
9.597240773024728e-114
1.7698035873823833e-113
3.2591043070398125e-113
5.993318398332818e-113
1.1006107015407945e-112
2.0183607352711596e-112
3.69627186451662e-112
6.759747345890537e-112
1.2345248544195167e-111
2.2515075208237155e-111
4.10064833600365e-111
7.458278201391448e-111
1.354668159612369e-110
2.457179708516073e-110
4.450941927477879e-110
8.051546419201378e-110
1.4545223240379727e-109
2.624076831407406e-109
4.727691323652876e-109
8.5062752718384085e-109
1.5284415834975994e-108
2.7427023918902186e-108
4.915076562876606e-108
8.796400222418621e-108
1.572186609057931e-107
2.806266728823907e-107
5.002428217153314e-107
8.905558564225076e-107
1.5833289707951078e-106
2.811332156193566e-106
4.985233194660693e-106
8.828611741143406e-106
1.561472294065093e-105
2.758115009796619e-105
4.865505656719448e-105
8.572004823160372e-105
1.5082625137706017e-104
2.650408777832823e-104
4.6514832714577143e-104
8.152935860794849e-104
1.4271901088156816e-103
2.4951470387167395e-103
4.356705944478481e-103
7.597477299737558e-103
1.3232164749503223e-102
2.3016748784628863e-102
3.998617910774158e-102
6.937930514607271e-102
1.2022792456803606e-101
2.0808336977822617e-101
3.596890877210464e-101
6.2097807551616e-101
1.0707439535779952e-100
1.8439816470528575e-100
3.171687541603925e-100
5.448641981185617e-100
9.348704969256567e-100
1.6020688395380062e-99
2.7420707491402092e-99
4.687541506075694e-99
8.003534208818885e-99
1.3648656770721588e-98
2.3247200583038288e-98
3.95480677570362e-98
6.71977826671344e-98
1.1404096669500602e-97
1.9330554671031842e-97
3.2727017001596044e-97
5.534117908095504e-97
9.346983357892231e-97
1.5768006869121852e-96
2.656841166047376e-96
4.47135376114223e-96
7.51619960142092e-96
1.261957109035166e-95
2.1163090080510384e-95
3.5448914421714126e-95
5.930855561511336e-95
9.911136893901724e-95
1.6543313157627802e-94
2.75813527207185e-94
4.5930783378669764e-94
7.639914936692074e-94
1.2693188573117298e-93
2.1064523295849805e-93
3.4916635201485334e-93
5.781148610973212e-93
9.560883514012473e-93
1.5793748240910426e-92
2.6060145002038212e-92
4.295107298942918e-92
7.070952465071207e-92
1.1627588733302419e-91
1.909898923452004e-91
3.1335830661212155e-91
5.135506370842588e-91
8.406935012731829e-91
1.3746925752734723e-90
2.2453708580331e-90
3.663416447484403e-90
5.970371127670402e-90
9.719284739891098e-90
1.5804702715822885e-89
2.5671929512672904e-89
4.165354325287281e-89
6.750994419646767e-89
1.0929668899586867e-88
1.767546373751174e-88
2.855356085675658e-88
4.607618083214899e-88
7.427121007205843e-88
1.1958960712176708e-87
1.9235185359424116e-87
3.0905116896877394e-87
4.9601700122763735e-87
7.952358809339975e-87
1.2735901117954569e-86
2.037505396591475e-86
3.256149251510205e-86
5.198132575205841e-86
8.289512229671908e-86
1.3205359819127486e-85
2.101416794607406e-85
3.3405341167534296e-85
5.304719586141058e-85
8.414974617976842e-85
1.333484884742441e-84
2.1109081613985424e-84
3.338086450771337e-84
5.2731953706874215e-84
8.321454158580815e-84
1.3118213836981938e-83
2.065862154143371e-83
3.2499760339981645e-83
5.1075448915366066e-83
8.018598517748576e-83
1.2575927196694109e-82
1.9703249229818162e-82
3.0838482484872617e-82
4.8217698500855465e-82
7.53146220637635e-82
1.175201899342858e-81
1.83192225645366e-81
2.8527517014966274e-81
4.437969297600437e-81
6.89713940944218e-81
1.0708264939622888e-80
1.6608698581391016e-80
2.5734722453875083e-80
3.983563631664625e-80
6.160180054562489e-80
9.516679022025783e-80
1.4687530902444653e-79
2.264563521331221e-79
3.4881371055789854e-79
5.3675598305879876e-79
8.251549844009624e-79
1.2672737067049209e-78
1.944386330296782e-78
2.980388675727587e-78
4.563966318135897e-78
6.982197117905665e-78
1.0671436748419124e-77
1.629430201241328e-77
2.485602447557287e-77
3.7880139740908814e-77
5.767351649482776e-77
8.772577262104877e-77
1.333106462699454e-76
2.023905723062696e-76
3.0697604319048446e-76
4.6516646307504023e-76
7.042112497416086e-76
1.0650968818953563e-75
1.609414090974806e-75
2.4296289530217413e-75
3.6644307004595445e-75
5.521644073794873e-75
8.312402640278434e-75
1.2502070138759913e-74
1.8786047377330027e-74
2.8202521742723566e-74
4.230000723563557e-74
6.338607063562012e-74
9.48962447007139e-74
1.4194070124682737e-73
2.1211359462008357e-73
3.1669018987663443e-73
4.723959610512e-73
7.040185581852879e-73
1.048260716420456e-72
1.5594185265356757e-72
2.3177422872190496e-72
3.441736164155089e-72
5.10623594743402e-72
7.568955467130645e-72
1.1209433948869513e-71
1.6586126232770934e-71
2.452001272681781e-71
3.6216939183745624e-71
5.344646783833361e-71
7.880311207914528e-71
1.1608756597746379e-70
1.708625551478162e-70
2.5126258272096728e-70
3.691725052212146e-70
5.419414348259737e-70
7.94872943908178e-70
1.1648400404397391e-69
1.7055283857977184e-69
2.4950345441978716e-69
3.6468675144195514e-69
5.325864131005023e-69
7.771193295007623e-69
1.132957786805297e-68
1.6503231409581106e-68
2.4018968164868703e-68
3.4927753298738848e-68
5.074797898599526e-68
7.36714970307848e-68
1.0685964490776804e-67
1.548682138994227e-67
2.242570089299114e-67
3.244634429153363e-67
4.690534858981865e-67
6.775114632780315e-67
9.777986767027329e-67
1.410008048718023e-66
2.031579945089655e-66
2.924739891734252e-66
4.2070959071082275e-66
6.046725205468478e-66
8.683634400935275e-66
1.2460260633830027e-65
1.7864786864011904e-65
2.5592604454956387e-65
3.6633454740101397e-65
5.23948774940461e-65
7.487695107752949e-65
1.0691943474750661e-64
1.5255102938671487e-64
2.1748255297218957e-64
3.098027703936507e-64
4.409593624265345e-64
6.271407696020005e-64
8.912211713651317e-64
1.2654959059476902e-63
1.7955255016357e-63
2.545533323900208e-63
3.6059787422448175e-63
5.104174252284903e-63
7.219158289443393e-63
1.0202513146966635e-62
1.4407481536094163e-62
2.0329657949285244e-62
2.8663811717619856e-62
4.0383175092781e-62
5.684999178773322e-62
7.99695311042249e-62
1.124044912424433e-61
1.5787323967733177e-61
2.2156435298544196e-61
3.107123638073302e-61
4.3539679164619326e-61
6.0965020075856255e-61
8.529936277764472e-61
1.1925625898082838e-60
1.6660485917120372e-60
2.3257658542484464e-60
3.2442694380809606e-60
4.522110733342473e-60
6.298535385636168e-60
8.766228921151735e-60
1.219162631842854e-59
1.6942864020259756e-59
2.3528221480595783e-59
3.2648949248753516e-59
4.527181369376914e-59
6.272864316598722e-59
8.685282454063473e-59
1.2016632749314472e-58
1.6613577186621698e-58
2.295227688239536e-58
3.1686289213506074e-58
4.37120027903195e-58
6.02579666151534e-58
8.300674979499306e-58
1.1426105750803433e-57
1.5717001177530028e-57
2.160371649205608e-57
2.967394650416395e-57
4.072967301196698e-57
5.586451433009986e-57
7.656871095516009e-57
1.0487151957193034e-56
1.435342069142857e-56
1.9631143802316174e-56
2.683050455610442e-56
3.664424907209031e-56
5.001235078704433e-56
6.820934348723778e-56
9.296218654321367e-56
1.2660922494487002e-55
1.7231442207614594e-55
2.343558826316041e-55
3.1851415748817198e-55
4.32594468571483e-55
5.871285754740745e-55
7.96317385728477e-55
1.0792960546130754e-54
1.4618307071194882e-54
1.97859248705079e-54
2.6762032824172247e-54
3.617312196055247e-54
4.88604786437111e-54
6.595306018088918e-54
8.896483404000553e-54
1.199247046980503e-53
1.6154982060965407e-53
2.1747658905387675e-53
2.9256840708386327e-53
3.9332530925828703e-53
5.284289201982385e-53
7.094669176847399e-53
9.51895495439036e-53
1.2763171616630239e-52
1.7101760613023927e-52
2.290005758312616e-52
3.0644075393201585e-52
4.0979940524224324e-52
5.47660773122411e-52
7.314221545541494e-52
9.762058452619179e-52
1.30206350191978e-51
1.7355656483816445e-51
2.3118981266192072e-51
3.077625378514097e-51
4.0943303026708985e-51
5.443405657661398e-51
7.232357262069843e-51
9.603090664560274e-51
1.2742798445042723e-50
1.6898255153421855e-50
2.2394574460555296e-50
2.9659805731149897e-50
3.9257167423510667e-50
5.192726162864746e-50
6.864332543978866e-50
9.068349956752355e-50
1.1972529590865407e-49
1.5796900537046313e-49
2.0829881073964015e-49
2.7449299310047015e-49
3.614980201642244e-49
4.757857077130211e-49
6.2581834351823675e-49
8.226540330576086e-49
1.0807340527075433e-48
1.4189063021377985e-48
1.8617548346530806e-48
2.441325941589722e-48
3.1993676962260444e-48
4.1902339198076724e-48
5.48464739181739e-48
7.174573575350516e-48
9.379528735649944e-48
1.2254739664063017e-47
1.6001692124996883e-47
2.0881759091088172e-47
2.723379736730596e-47
3.5496854516603354e-47
4.623945264171268e-47
6.01973313861106e-47
7.832206477467889e-47
1.0184364742655307e-46
1.3235101623776147e-46
1.7189558601175587e-46
2.231242980376097e-46
2.8945049356327277e-46
3.752732365290799e-46
4.8625865768178085e-46
6.297006476332655e-46
8.149830080636938e-46
1.0541712549459142e-45
1.3627700059600193e-45
1.7606917198422863e-45
2.273495049427106e-45
2.933966931944874e-45
3.784142665877839e-45
4.877883744844397e-45
6.284165563394101e-45
8.091268077933476e-45
1.0412114367941003e-44
1.3391067657251366e-44
1.7212580322092513e-44
2.2112193260978538e-44
2.8390516427274363e-44
3.6430988486890578e-44
4.672242445336786e-44
5.988762605939263e-44
7.671966471196341e-44
9.822786890989354e-44
1.2569607923818169e-43
1.6075640237811069e-43
2.054825358924747e-43
2.6250779153864714e-43
3.3517427114547966e-43
4.277213139244063e-43
5.4552342273559225e-43
6.953904957439746e-43
8.859464718944265e-43
1.1281066093392514e-42
1.4356787617977395e-42
1.8261204559665886e-42
2.321491623679638e-42
2.949652903904932e-42
3.745771997291457e-42
4.754216245634679e-42
6.030929185316398e-42
7.646413237335191e-42
9.689471125673013e-42
1.2271896522375169e-41
1.5534351614086598e-41
1.9653728016141826e-41
2.4852360506972876e-41
3.1409552497364863e-41
3.967599585413678e-41
5.009176967563982e-41
6.32088527098151e-41
7.971920450045913e-41
1.0048981396770777e-40
1.266064073638248e-40
1.5942792880913925e-40
2.0065441324100604e-40
2.5241150010230055e-40
3.17355613277328e-40
3.988047933302293e-40
5.009013546637484e-40
6.288140052198641e-40
7.88988874198006e-40
9.894611230621763e-40
1.2402415639166775e-39
1.553796096226339e-39
1.945639943836438e-39
2.4350738082163327e-39
3.0460953699387614e-39
3.8085273368684235e-39
4.759412782598662e-39
5.944740243753653e-39
7.42157544052636e-39
9.260694150688048e-39
1.1549832435290755e-38
1.4397696977751778e-38
1.7938910846830941e-38
2.234010985696031e-38
2.7807453495868745e-38
3.459587409196877e-38
4.3020460903992617e-38
5.347046505512858e-38
6.64265202576444e-38
8.248180740235051e-38
1.0236805357029687e-37
1.2698745423764523e-37
1.5745184912830992e-37
1.951307767131252e-37
2.4171039114635234e-37
2.9926566227353065e-37
3.7034881096138527e-37
4.580975786406219e-37
5.663677161261108e-37
6.9989503214540965e-37
8.644935023366857e-37
1.067297348432911e-36
1.3170567065229943e-36
1.6244985769920093e-36
2.0027672621849985e-36
2.467961543747219e-36
3.0397895405965526e-36
3.7423666546254127e-36
4.6051874145846755e-36
5.66430856541045e-36
6.963788650534164e-36
8.557438882576333e-36
1.0510951628650527e-35
1.2904486756928907e-35
1.5835812888257896e-35
1.942412085561561e-35
2.3814651097321173e-35
2.9184306139505253e-35
3.574845476944702e-35
4.3769177174448474e-35
5.356525167099214e-35
6.552424541220084e-35
8.011714571605798e-35
9.791605788823264e-35
1.1961560259394628e-34
1.4605877451569304e-34
1.7826817846167941e-34
2.1748374433132806e-34
2.652082444479358e-34
3.232622029507391e-34
3.938501058050171e-34
4.796402017966234e-34
5.8386064184795e-34
7.104152506799649e-34
8.640228785745273e-34
1.0503850623774067e-33
1.2763876584420294e-33
1.550343225092922e-33
1.8822822630235705e-33
2.2843030099432475e-33
2.7709913796981093e-33
3.3599248937278905e-33
4.0722771431844606e-33
4.9335425245009844e-33
5.97440480649817e-33
7.231777627596507e-33
8.750050422923072e-33
1.0582579703463795e-32
1.2793473242711548e-32
1.5459723794925972e-32
1.8673759738509393e-32
2.254649282156931e-32
2.721095835482615e-32
3.282666118673748e-32
3.9584762122996283e-32
4.7714264725907666e-32
5.748939236617499e-32
6.923838084598089e-32
8.335395386429204e-32
1.0030579822636808e-31
1.2065541439065883e-31
1.4507378732268464e-31
1.7436240459851302e-31
2.094782455172452e-31
2.5156347928273574e-31
3.019807452031914e-31
3.6235504697270094e-31
4.346234807196688e-31
5.210942376480686e-31
6.245165826386004e-31
7.48163817017576e-31
8.95931594919174e-31
1.0724543877271658e-30
1.2832433910672037e-30
1.534849756698814e-30
1.8350577226022488e-30
2.1931130263102483e-30
2.619992939844244e-30
3.128725383710059e-30
3.734765890594689e-30
4.456442729807668e-30
5.3154823094026455e-30
6.337629089988652e-30
7.553376723958111e-30
8.998830038391841e-30
1.071672087988288e-29
1.2757604818247623e-29
1.5181270360176454e-29
1.8058397765831995e-29
2.1472510922129963e-29
2.552227315816332e-29
3.032418656792187e-29
3.601576453876165e-29
4.275925900984259e-29
5.074603778039365e-29
6.020172327505203e-29
7.139222292626551e-29
8.463080318497641e-29
1.0028638462291765e-28
1.1879326522471081e-28
1.406625134601727e-28
1.6649531285742628e-28
1.969985864696656e-28
2.3300328388883353e-28
2.7548577651772e-28
3.2559288006743607e-28
3.8467110831661217e-28
4.543008609206561e-28
5.363363626516846e-28
6.329523043739919e-28
7.4669829019114595e-28
8.805623738567596e-28
1.0380451745471284e-27
1.2232463018604034e-27
1.4409650975170136e-27
1.6968180225434455e-27
1.9973753904701406e-27
2.3503205770235833e-27
2.764635333875412e-27
3.250815408498948e-27
3.8211213358905985e-27
4.489870034416721e-27
5.273773722948207e-27
6.192333697666819e-27
7.268297685042358e-27
8.528190846110774e-27
1.0002932073421694e-26
1.1728549026954575e-26
1.37470074345609e-26
1.61071725769125e-26
1.8865923633328845e-26
2.2089444736804017e-26
2.5854720235421445e-26
3.025126585337716e-26
3.5383132268354e-26
4.1371223164912996e-26
4.8355976190990837e-26
5.650046255651582e-26
6.599396940687418e-26
7.705613873608269e-26
8.994174765400076e-26
1.0494622749286445e-25
1.2241203376385587e-25
1.4273599561996448e-25
1.6637779254993303e-25
1.9386972786495526e-25
2.258279935381546e-25
2.6296564956487583e-25
3.061075737394954e-25
3.562076751721675e-25
4.143687076574192e-25
4.8186506790708435e-25
5.601690195263754e-25
6.509808474160056e-25
7.562635201266833e-25
8.782825208301647e-25
1.0196516024240597e-24
1.1833853304722939e-24
1.3729594010318786e-24
1.5923798610074e-24
1.846262518865739e-24
2.1399240160071123e-24
2.4794862368508206e-24
2.8719959721895027e-24
3.3255620194736524e-24
3.84951220981177e-24
4.454573199583812e-24
5.153076260299729e-24
5.959189651373587e-24
6.889203460884034e-24
7.961806616423299e-24
9.19846995332086e-24
1.062383306717206e-23
1.2266167052323652e-23
1.4157899426938394e-23
1.6336213425725654e-23
1.884373197937609e-23
2.1729298101034238e-23
2.504886498750814e-23
2.8866510940492026e-23
3.325559624808159e-23
3.8300081469872617e-23
4.4096029174501016e-23
5.0753314125353704e-23
5.839757024208588e-23
6.717240643159322e-23
7.724192763750297e-23
8.879360226407387e-23
1.0204152255855e-22
1.1723011066370331e-22
1.346383299677741e-22
1.5458446918093123e-22
1.7743157536680451e-22
2.0359362207900137e-22
2.335425099354577e-22
2.678160095645467e-22
3.0702677105159986e-22
3.5187253999956552e-22
4.0314773831336935e-22
4.617565880706601e-22
5.287279796288219e-22
6.05232310748174e-22
6.926005523305583e-22
7.923458287676538e-22
9.06187837298808e-22
1.036080471674407e-21
1.1842430613534976e-21
1.3531956890334995e-21
1.5457991071925622e-21
1.7652998392747624e-21
2.0153811240059696e-21
2.300220443031637e-21
2.6245544636675408e-21
2.9937523312131112e-21
3.4138983603037295e-21
3.891885303617715e-21
4.435519520528846e-21
5.053639529805932e-21
5.756249611209846e-21
6.5546703230701985e-21
7.461708029109576e-21
8.491845780705744e-21
9.661458183504764e-21
1.0989053193253022e-20
1.2495544138703002e-20
1.4204555663692472e-20
1.6142767720686185e-20
1.8340302239597457e-20
2.0831157643619703e-20
2.3653696996290312e-20
2.6851196245583728e-20
3.0472459792026137e-20
3.45725114556913e-20
3.921336986196675e-20
4.4464918318759216e-20
5.0405880430368565e-20
5.712491399879931e-20
6.47218372165776e-20
7.330900277232872e-20
8.301283728959829e-20
9.397556552048414e-20
1.0635714094062385e-19
1.2033740686545247e-19
1.36118514956389e-19
1.5392763103877166e-19
1.7401996154590961e-19
1.9668213766893106e-19
2.222359984732628e-19
2.510428188821264e-19
2.835080335751829e-19
3.200865135601911e-19
3.612884585071233e-19
4.0768597495320057e-19
4.599204182666648e-19
5.187105848764362e-19
5.848618508227058e-19
6.592763632569316e-19
7.429644032255295e-19
8.370570510284233e-19
9.428202997889474e-19
1.0616707786722263e-18
1.1951932649050827e-18
1.3451601828576644e-18
1.513553310166524e-18
1.7025879344030784e-18
1.9147397300191688e-18
2.1527746542028693e-18
2.4197821921992808e-18
2.7192123178912507e-18
3.0549165742967076e-18
3.4311937217639633e-18
3.8528404483636075e-18
4.325207690193825e-18
4.854263165876398e-18
5.446660793549894e-18
6.109817728384222e-18
6.851999835686791e-18
7.68241649950128e-18
8.611325760008267e-18
9.650150875865093e-18
1.0811609520797105e-17
1.21098569482708e-17
1.356064459506053e-17
1.518149574516117e-17
1.6991900041126665e-17
1.9013528811969347e-17
2.1270473386830604e-17
2.3789508782990113e-17
2.6600385401238312e-17
2.973615161795395e-17
3.323351046857473e-17
3.7133213922709884e-17
4.1480498609830776e-17
4.6325567236401434e-17
5.17241203574837e-17
5.773794362833593e-17
6.443555616854632e-17
7.18929262269188e-17
8.019426094417919e-17
8.94328776775628e-17
9.971216508180419e-17
1.1114664294085534e-16
1.2386313062019469e-16
1.380020349677458e-16
1.537187695398215e-16
1.7118531817530818e-16
1.905919571954846e-16
2.121491518781563e-16
2.3608964435370344e-16
2.626707517088548e-16
2.9217689487368696e-16
3.2492238082262166e-16
3.6125446275513895e-16
4.0155670525321707e-16
4.462526839572217e-16
4.958100520789078e-16
5.507450091003075e-16
6.116272103123612e-16
6.790851594516764e-16
7.53812130623797e-16
8.365726699854943e-16
9.28209732327253e-16
1.0296525127841649e-15
1.141925039444866e-15
1.2661555986629238e-15
1.4035870714462484e-15
1.555588266453137e-15
1.7236663429083001e-15
1.909480425223289e-15
2.11485652032029e-15
2.341803858680251e-15
2.592532791034213e-15
2.8694743844632717e-15
3.1753018745488522e-15
3.5129541442068142e-15
3.885661415038675e-15
4.2969733535439484e-15
4.750789812465158e-15
5.251394447001887e-15
5.8034914667573254e-15
6.412245807207581e-15
7.083327029360724e-15
7.822957283251947e-15
8.637963700187576e-15
9.53583561037606e-15
1.0524787016976822e-14
1.1613824794875252e-14
1.2812823122881113e-14
1.4132604701799101e-14
1.5585029358214936e-14
1.7183090685153374e-14
1.894102142632134e-14
2.0874408370783857e-14
2.300031758999206e-14
2.533743091949303e-14
2.7906194663801292e-14
3.072898158528392e-14
3.383026732695841e-14
3.723682251537684e-14
4.0977921893810545e-14
4.508557194839373e-14
4.9594758611325e-14
5.454371675644751e-14
5.997422334417452e-14
6.593191622571719e-14
7.246664078165899e-14
7.963282674813843e-14
8.748989777616093e-14
9.610271647697858e-14
1.0554206793020213e-13
1.1588518487251922e-13
1.272163180450215e-13
1.396273554574237e-13
1.532184946296384e-13
1.68098972196629e-13
1.8438785561319034e-13
2.0221490207291172e-13
2.2172149016231684e-13
2.4306163020897377e-13
2.6640305975361795e-13
2.919284310835657e-13
3.1983659831026805e-13
3.5034401206096833e-13
3.8368623048564604e-13
4.2011955595943264e-13
4.599228075904001e-13
5.033992404272671e-13
5.508786231045491e-13
6.027194865685782e-13
6.59311557500996e-13
7.210783911013313e-13
7.884802190128579e-13
8.620170293806315e-13
9.422318973242e-13
1.0297145854955048e-12
1.1251054358819833e-12
1.2290995756126794e-12
1.342451461239035e-12
1.4659797877998908e-12
1.6005727909508268e-12
1.7471939725500809e-12
1.9068882823576847e-12
2.0807887909297967e-12
2.270123891389795e-12
2.4762250705413235e-12
2.700535292770378e-12
2.944618043375567e-12
3.2101670813836304e-12
3.499016955565696e-12
3.813154341283913e-12
4.154730259987238e-12
4.5260732476557614e-12
4.929703543285135e-12
5.368348373628033e-12
5.844958415888205e-12
6.362725525919593e-12
6.925101825724286e-12
7.535820250866732e-12
8.198916665165618e-12
8.918753658321588e-12
9.700046149636388e-12
1.0547888930072639e-11
1.146778628406877e-11
1.2465683842461258e-11
1.3548002828453766e-11
1.472167686986853e-11
1.5994191562965092e-11
1.7373626985968058e-11
1.8868703374148945e-11
2.0488830182928874e-11
2.2244158781044625e-11
2.4145639032432658e-11
2.6205080043182113e-11
2.84352153688585e-11
3.0849772996954147e-11
3.346355044249727e-11
3.62924953083553e-11
3.9353791731979604e-11
4.266595303699315e-11
4.62489211462106e-11
5.012417313388421e-11
5.4314835449622007e-11
5.884580633877228e-11
6.374388703481533e-11
6.903792226902532e-11
7.47589508839732e-11
8.094036704682344e-11
8.761809293351213e-11
9.483076360630763e-11
1.0261992492299615e-10
1.1103024536071366e-10
1.2010974269478126e-10
1.2991002653380627e-10
1.404865577769563e-10
1.5189892612796947e-10
1.6421114687331126e-10
1.774919782092334e-10
1.9181526048452727e-10
2.072602788128157e-10
2.2391215060058686e-10
2.418622396350702e-10
2.612085984799349e-10
2.8205644103687366e-10
3.045186472478473e-10
3.287163020364888e-10
3.547792707181823e-10
3.8284681324732056e-10
4.130682398172797e-10
4.4560361048451737e-10
4.806244816532783e-10
5.183147024320161e-10
5.58871264057778e-10
6.02505205780415e-10
6.494425808060029e-10
6.999254861176702e-10
7.542131602246463e-10
8.125831531350063e-10
8.753325731079413e-10
9.427794150149535e-10
1.015263975430506e-9
1.093150359878535e-9
1.1768280879861233e-9
1.266713802637944e-9
1.3632530895872819e-9
1.466922414361835e-9
1.578231183706698e-9
1.6977239392334031e-9
1.8259826913948444e-9
1.96362940238117e-9
2.111328627034452e-9
2.2697903214097226e-9
2.4397728291691832e-9
2.622086056587216e-9
2.8175948475658274e-9
3.0272225707176423e-9
3.2519549312655e-9
3.492844021239263e-9
3.751012622219448e-9
4.0276587756901074e-9
4.324060636918875e-9
4.641581629183397e-9
4.981675916114783e-9
5.345894210928706e-9
5.73588994237001e-9
6.153425798307441e-9
6.600380669084219e-9
7.078757013962435e-9
7.590688675295222e-9
8.138449166425504e-9
8.724460460746422e-9
9.35130231086977e-9
1.0021722128438747e-8
1.0738645456794377e-8
1.1505187070464414e-8
1.2324662737292686e-8
1.3200601680974756e-8
1.4136759783807922e-8
1.513713357161742e-8
1.6205975025078096e-8
1.7347807264026157e-8
1.856744115385242e-8
1.9869992885688913e-8
2.1260902584853446e-8
2.2745954004914087e-8
2.4331295367765598e-8
2.6023461413304908e-8
2.7829396725639766e-8
2.975648040627551e-8
3.18125521684192e-8
3.400593993040615e-8
3.634548899031741e-8
3.884059286811912e-8
4.1501225906117636e-8
4.433797772322074e-8
4.736208962340199e-8
5.058549306392311e-8
5.402085029427107e-8
5.768159728243211e-8
6.158198905105387e-8
6.573714755227549e-8
7.016311221651492e-8
7.487689331733013e-8
7.989652830163531e-8
8.524114124201377e-8
9.093100557575682e-8
9.698761030341374e-8
1.0343372982830356e-7
1.1029349762735847e-7
1.1759248395317634e-7
1.2535777777693162e-7
1.3361807319218026e-7
1.4240376051032339e-7
1.5174702228983722e-7
1.6168193455312557e-7
1.7224457345725565e-7
1.8347312769769448e-7
1.9540801693769226e-7
2.0809201657004924e-7
2.215703891327822e-7
2.3589102271555253e-7
2.5110457670989434e-7
2.672646352730668e-7
2.844278688929216e-7
3.026542044595863e-7
3.220070042688567e-7
3.4255325440232096e-7
3.6436376295003083e-7
3.875133685634535e-7
4.120811598491627e-7
4.381507061375454e-7
4.6581030018556225e-7
4.951532133985792e-7
5.262779641831846e-7
5.592886000712221e-7
5.942949942845104e-7
6.314131574405575e-7
6.707655651313262e-7
7.124815021406666e-7
7.566974241005754e-7
8.03557337422803e-7
8.532131983799784e-7
9.058253322498431e-7
9.615628734746922e-7
1.0206042278477476e-6
1.0831375577322378e-6
1.149361291448844e-6
1.2194846579324527e-6
1.2937282478587907e-6
1.3723246024776123e-6
1.4555188314457306e-6
1.5435692610100358e-6
1.6367481139496077e-6
1.7353422227473704e-6
1.8396537775258134e-6
1.9500011103477133e-6
2.066719517551851e-6
2.1901621218659272e-6
2.3207007761134816e-6
2.4587270104096114e-6
2.604653024821145e-6
2.758912729550998e-6
2.921962834794002e-6
3.094283992502523e-6
3.27638199239423e-6
3.468789014633247e-6
3.6720649417171724e-6
3.88679873220918e-6
4.113609859063958e-6
4.353149815411e-6
4.606103690777434e-6
4.873191820855368e-6
5.155171514048477e-6
5.452838858162753e-6
5.767030610747848e-6
6.098626176734934e-6
6.4485496771695775e-6
6.817772112988513e-6
7.207313627953279e-6
7.618245875016004e-6
8.051694490567695e-6
8.508841682597082e-6
8.99092892777392e-6
9.499259811859525e-6
0.000010035202969655326
0.000010600195178894802
0.000011195744584308998
0.000011823434067511298
0.000012484924767380588
0.00001318195975725843
0.00001391636788552511
0.000014690067786372244
0.000015505072067859145
0.000016363491684610136
0.000017267540502798517
0.000018219540065404747
0.00001922192456569946
0.000020277246038238336
0.000021388179775292803
0.000022557529978659653
0.00002378823565613953
0.000025083376772670487
0.000026446180666430164
0.000027880028740608178
0.000029388463441953427
0.00003097519553761265
0.00003264411170221476
0.000034399282427586526
0.00003624497026796158
0.000038185638434003615
0.00004022595974946912
0.0000423708259848357
0.000044625357582747965
0.000046994913790680186
0.00004948510321677018
0.00005210179482536198
0.000054851129389393785
0.00005773953141738418
0.000060773721573412765
0.00006396072960914502
0.00006730790782764419
0.00007082294509940289
0.00007451388145172045
0.00007838912325362418
0.00008245745901832313
0.00008672807584762912
0.00009121057654195513
0.00009591499740135575
0.00010085182674359793
0.00010603202416623953
0.00011146704058059454
0.00011716883904646126
0.00012314991643745852
0.00012942332596786624
0.00013600270061291364
0.00014290227745555027
0.0001501369229938717
0.00015772215944452497
0.00016567419207862383
0.0001740099376279359
0.00018274705380035957
0.00019190396994507597
0.00020149991890901757
0.0002115549701278098
0.00022209006399564527
0.00023312704756015475
0.0002446887115897453
0.0002567988290625671
0.00026948219512774836
0.0002827646685913277
0.00029667321498095037
0.00031123595124517593
0.0003264821921450756
0.00034244249839764665
0.0003591487266325037
0.000376634081225289
0.0003949331680732902
0.0004140820503808057
0.00043411830652401986
0.00045508109006733486
0.0004770111920053625
0.0004999511053071961
0.0005239450918419336
0.0005490392517669184
0.0005752815954627864
0.0006027221181018947
0.0006314128769395761
0.0006614080714202899
0.0006927641261936886
0.0007255397771385052
0.0007597961604952144
0.0007955969052114768
0.0008330082286075642
0.0008720990354723079
0.0009129410207033415
0.0009556087756089805
0.0010001798979925155
0.0010467351061434812
0.0010953583568640399
0.001146136967662539
0.0011991617432502992
0.0012545271064816036
0.0013123312338810986
0.0013726761959071147
0.0014356681021036799
0.0015014172512986038
0.0015700382870095506
0.0016416503582247582
0.001716377285730005
0.0017943477341582003
0.0018756953899433495
0.0019605591453656546
0.0020490832888800546
0.0021414177019258725
0.0022377180624210376
0.0023381460551500422
0.0024428695892607937
0.0025520630230915923
0.0026659073965556524
0.002784590671317257
0.002908307978999687
0.0030372618776724073
0.0031716626168713734
0.003311728411413727
0.003457685724275209
0.0036097695588060107
0.0037682237605686573
0.003933301329088873
0.004105264739818802
0.004284386276619486
0.004470948375079128
0.004665243976990074
0.0048675768963191
0.005078262197011247
0.005297626582980275
0.005526008800644489
0.0057637600543792855
0.006011244435267072
0.006268839363530948
0.006536936045060269
0.006815939942430171
0.007106271260842863
0.007408365449421906
0.0077226737183033415
0.008049663571979926
0.008389819359365946
0.008743642841062335
0.009111653774313552
0.009494390516165043
0.009892410645329126
0.010306291603303094
0.010736631355274836
0.011184049071377359
0.011649185828864931
0.012132705335797038
0.012635294676832205
0.013157665081748388
0.013700552717322205
0.014264719503214939
0.014850953952528976
0.015460072037716396
0.016092918082535424
0.01675036568077074
0.017433318642448598
0.018142711968297358
0.018879512853221727
0.019644721719576735
0.020439373281048837
0.021264537637968508
0.022121321404900127
0.023010868871374615
0.02393436319665144
0.024893027639419252
0.025888126823354174
0.02692096803951061
0.0279929025864877
0.029105327149389827
0.03025968521859389
0.03145746854936597
0.03270021866339911
0.033989528393360995
0.03532704347157376
0.03671446416396892
0.03815354695048609
0.039646106253115404
0.04119401621280776
0.042799212516510275
0.044463694275591645
0.046189525956993396
0.04797883936842726
0.04983383569899616
0.05175678761663932
0.05375004142383551
0.055816019273025416
0.057957221443251335
0.06017622867954769
0.062475704596641354
0.0648583981485652
0.06732714616581205
0.069884875961709
0.07253460800970486
0.0752794586933268
0.07812264313057508
0.08106747807458756
0.08411738489241752
0.08727589262384258
0.09054664112212452
0.09393338427871328
0.09743999333391447
0.10107046027558506
0.10482890132796703
0.1087195605328153
0.11274681342501491
0.1169151708049373
0.12122928260982228
0.1256939418865335
0.13031408886806878
0.13509481515626365
0.14004136801318312
0.1451591547637331
0.1504537473120825
0.15593088677455355
0.16159648823165768
0.16745664560204615
0.17351763664117711
0.17978592806756627
0.1862681808195418
0.19297125544548824
0.199902217630616
0.20706834386336145
0.2144771272445777
0.2221362834427489
0.23005375679850282
0.23823772658179224
0.24669661340515175
0.2554390857965256
0.2644740669352127
0.2738107415545588
0.28345856301508815
0.29342726055183255
0.30372684669970634
0.31436762490082304
0.3253601972977608
0.3367154727168063
0.34844467484535335
0.36055935060763505
0.3730713787431129
0.38599297859189213
0.39933671909161156
0.4131155279903682
0.4273427012802834
0.4420319128564492
0.4571972244060223
0.47285309553238325
0.48901439411932257
0.5056964069403339
0.5229148505181577
0.5406858822398576
0.5590261117327704
0.5779526125067572
0.5974829338683472
0.6176351131123697
0.638427687996877
0.6598797095071471
0.6820107549147781
0.7048409411378981
0.7283909384086904
0.7526819842544458
0.7777358977986321
0.8035750943883739
0.8302226005550495
0.8577020693146221
0.8860377958147029
0.9152547333351306
0.9453785096493185
0.9764354437534467
1.0084525629708994
1.0414576204393855
1.0754791129883159
1.1105462994141455
1.1466892191615439
1.1839387114183244
1.2223264346323053
1.2618848864582564
1.3026474241434134
1.3446482853599906
1.3879226094934207
1.4325064593950814
1.4784368436084943
1.52575173907808
1.574490114349699
1.624691953272421
1.6763982792110537
1.729651179779106
1.7844938321021135
1.8409705286213112
1.8991267034478412
1.9590089592778688
2.020665094879084
2.084144133159312
2.14949634982807
2.2167733026621006
2.286027861386024
2.3573142381796406
2.4306880188232065
2.506206194492656
2.583927194216544
2.6639109180068234
2.7462187706758074
2.830913696351804
2.9180602137059366
3.0077244519033672
3.099974187291489
3.1948788808389708
3.292509716338416
3.392939639387075
3.4962433971587323
3.602497578981582
3.711780657735669
3.824173032085191
3.939757069559551
4.058617150499035
4.180839712879301
4.306513298031068
4.435728597269769
4.568578499451703
4.705158139472248
4.845564947722957
4.989898700523537
5.138261571546225
5.2907581842487925
5.447495665334287
5.608583699254337
5.774134583774487
5.944263286618922
6.119087503213673
6.298727715546041
6.48330725215989
6.6729523493051
6.867792213261523
7.067959083855921
7.273588299193022
7.484818361619747
7.701791004944272
7.924651262929472
8.153547539082703
8.38863167776316
8.630059036627689
8.877988560438311
9.132582856252299
9.394008270018526
9.662434964601964
9.93803699926052
10.220992410596395
10.511483295007402
10.809695892660404
11.115820673013538
11.430052421909561
11.752590330267886
12.083638084398352
12.4234039579649
12.77210090562272
13.129946658357937
13.497163820554121
13.873979968815208
14.260627752569983
14.65734499648817
15.064374804734483
15.481965667090911
15.91037156697453
16.349852091382107
16.80067254278887
17.26310405303438
17.737423699222834
18.223914621672037
18.722866143938667
19.234573894955588
19.759339933308883
20.297472873691383
20.849288015561875
21.415107474046135
21.995260313111253
22.590082681049747
23.199917948304844
23.82511684767619
24.466037616936315
25.12304614389917
25.796516113971588
26.486829160229572
27.194375016052145
27.919551670354156
28.66276552545239
29.42443155760831
30.204973480280575
31.004823910133446
31.824424535834098
32.664226289686646
33.52468952213619
34.406284179192156
35.309489982805246
36.23479661424767
37.18270390053254
38.153722003923185
39.148371614568916
40.16718414631874
41.21070193575168
42.279478444475956
43.37407846473495
44.49507832837572
45.64306611921849
46.818641888882084
48.02241787610796
49.25501872963657
50.517081734680126
51.80925704304642
53.13220790696231
54.48661091664623
55.87315624168663
57.29254787627011
58.745503888322766
60.232756672607046
61.75505320783903
63.313155317870546
64.90783993700096
66.5398993794652
68.21014161316457
69.91939053768662
71.66848626668323
73.45828541465399
75.28966138820522
77.16350468183298
79.08072317830238
81.04224245367226
83.04900608703836
85.10197597504633
87.2021326512502
89.3504756103645
91.54802363749313
93.79581514238087
96.09490849877103
98.44638238892006
100.85133615335215
103.31089014590431
105.82618609415226
108.39838746526051
111.02867983735553
113.71827127646493
116.46839271912025
119.28029836067324
122.15526604941903
125.09459768658016
128.09961963224944
131.1716831173413
134.31216466165407
137.522466498097
140.80401700318092
144.1582711338331
147.58671087063135
151.09084566752577
154.67221290813944
158.33237836872107
162.07293668784445
165.89551184291963
169.80175763362993
173.79335817234386
177.87202838162557
182.03951449889837
186.297594588379
190.64807906034412
195.09281119784765
199.63366769094853
204.27255917857735
209.01143079809304
213.8522627426697
218.7970708265621
223.8479070583863
229.00686022247902
234.27605646846385
239.65765990909054
245.15387322648309
250.7669382868568
256.49913676385245
262.3527907705473
268.33026350026586
274.43395987631163
280.6663272106843
287.02985587193996
293.5270799622468
300.1605780038058
306.93297363468633
313.84693631424057
320.9051820381675
328.1104740633748
335.46562364271375
342.97349076975325
350.63698493365337
358.4590658843106
366.4427444078445
374.5910831125924
382.90719722568645
391.3942554003876
400.05548053424025
408.89415059824165
417.91359947707724
427.1172178206244
436.50845390678353
446.0908145158299
455.86786581635283
465.8432342629898
476.0206075060062
486.40373531293284
496.99643050233107
507.8025698898867
518.826095246907
530.0710142714212
541.5414015719729
553.2413996642979
565.1752199809773
577.3471438942748
589.7615237522302
602.4227839282437
615.3354218842052
628.5040092474229
641.933192901402
655.6276960907164
669.5923195400502
683.8319425876512
698.3515243332571
713.1561048007559
728.2508061156456
743.6408336975474
759.3314774678461
775.3281130727163
791.6362031216078
808.261298441462
825.209039346714
842.4851569253724
860.0954743412399
878.0459081525562
896.3424696471295
914.991266194257
933.9985026134761
953.370482560486
973.1136099302678
993.234390277717
1013.7394322558757
1034.63544907205
1055.9292599618839
1077.6277916817407
1099.7380800193941
1122.2672713234147
1145.222624051323
1168.611510336721
1192.4414175757156
1216.7199500326417
1241.4548304655175
1266.6539017712075
1292.3251286507414
1318.4765992947443
1345.1165270894578
1372.2532523433085
1399.8952440344856
1428.0511015794998
1456.729556623201
1485.9394748502307
1515.6898578183527
1545.9898448136948
1576.8487147283122
1608.27588796013
1640.280928335377
1672.8735450553397
1706.0635946657699
1739.8610830387186
1774.276167410597
1809.3191583999792
1845.0005220822181
1881.330882075577
1918.321021654243
1955.9818858860592
1994.3245837955976
2033.3603905524415
2073.1007496853417
2113.5572753221095
2154.741754455889
2196.6661492377216
2239.342599296011
2282.783424082832
2327.001125247689
2372.008389038657
2417.8180887315348
2464.443287086955
2511.897238836053
2560.1933931946655
2609.3453964067126
2659.367094316614
2710.27253497152
2762.0759712531926
2814.7918635402475
2868.43488240069
2923.019911315404
2978.5620494325385
3035.0766143535034
3092.5791449504723
3151.0854042160754
3210.6113821453437
3271.1732986503853
3332.7876065080063
3395.4709943407397
3459.2403896314177
3524.112961771889
3590.106125145886
3657.2375422467912
3725.5251268301627
3794.9870471018717
3865.6417289417427
3937.507859163474
4010.6043888107415
4084.9505364903384
4160.565791742222
4237.469918447306
4315.6829582729815
4395.22523415687
4476.117353829395
4558.380213375148
4642.035000833839
4727.103199840854
4813.606593308169
4901.567267145625
4991.007614023423
5081.950337175668
5174.418454246024
5268.435301175231
5364.024536131481
5461.2101434835395
5560.016437817568
5660.468067997532
5762.59002127009
5866.407627413987
5971.946562934868
6079.232855305271
6188.292887251151
6299.153401084261
6411.841503082083
6526.384667914585
6642.810743119239
6761.14795362394
6881.424906319116
7003.670594678602
7127.914403430662
7254.186113278809
7382.5159056736975
7512.934367635713
7645.472496629657
7780.161705491267
7917.033827406588
8056.121120944324
8197.456275142093
8341.072414646538
8487.003104908574
8635.28235743335
8785.94463508655
8939.024857456405
9094.558406273049
9252.581130884835
9413.129353792961
9576.23987624421
9741.94998388312
9910.297452463261
10081.32055361934
10255.058060699334
10431.549254658668
10610.83393001563
10792.952400869899
10977.945506983691
11165.854619926984
11356.721649286745
11550.589048941345
11747.499823400247
11947.497534210228
12150.626306427903
12356.930835160196
12566.456392172408
12779.248832565485
12995.354601522044
13214.820741123223
13437.694897235278
13664.025326468545
13893.860903207486
14127.251126714214
14364.246128305105
14604.896678601235
14849.25419485434
15097.37074834748
15349.299071872716
15605.092567284973
15864.805313134293
16128.492072375793
16396.208300159604
16668.010151699786
16943.9544902248
17224.09889500859
17508.501669484514
17797.22184944176
18090.319211305894
18387.854280503427
18689.888339912468
18996.48343839861
19307.702399438713
19623.608829831424
19944.267128497406
20269.742495367936
20600.100940364602
20935.409292469565
21275.735208888174
21621.147184304
21971.714560228265
22327.507534442953
22688.597170540335
23055.055407558037
23426.955069712258
23804.369876228142
24187.37445127056
24576.044333973576
24970.455988572143
25370.68681463476
25776.815157399844
26188.920318215034
26607.082565082736
27031.383143309522
27461.904286264667
27898.729226244155
28341.942205445746
28791.628487051785
29247.87436642494
29710.767182413714
30180.395328773287
30656.848265697932
31140.216531470902
31630.591754228168
32128.066663841826
32632.73510391933
33144.69204392487
33664.0335914184
34190.85700441966
34725.26070389169
35267.344286351305
35817.20853660249
36374.95544059786
36940.68819842598
37514.511237429244
38096.53022544971
38686.85208420804
39285.58500281283
39892.838451405536
40508.72319493813
41133.35130708911
41766.83618431468
42409.29256004041
43060.8365189922
43721.58551166737
44391.65836895069
45071.17531687205
45760.25799151128
46459.029454047624
47167.6142059595
47886.138204371025
48614.72887755241
49353.51514056894
50102.62741108726
50862.19762533344
51632.359254210205
52413.2473195696
53204.998410647866
54007.75070065822
54821.64396354906
55646.81959092293
56483.420609124805
57331.59169649284
58191.47920078206
59063.231156754744
59946.99730394528
60842.929104595656
61751.17976176878
62671.90423762782
63605.25927193567
64551.40340065264
65510.49697479805
66482.70217945175
67468.18305295268
68467.10550627994
69479.63734262637
70505.94827715853
71546.20995697222
72600.59598123842
73669.28201070559
74752.44534245122
75850.26582219839
76962.92497469112
78090.6064665614
79233.49604464724
80391.78155344738
81565.65295790645
82755.30236542391
83960.92404797774
85182.71446458984
86420.87228391353
87675.59840636834
88947.09599008576
90235.57046978895
91541.22958327715
92864.28339440403
94204.94431703842
95563.42713925947
96939.94904778103
98334.7296526157
99747.99101197247
101179.95765739873
102630.85661916035
104100.91745186935
105590.3722603556
107099.45572579098
108628.40513206035
110177.4603923915
111746.86407623514
113336.86143641044
114947.70043650398
116579.63177853831
118232.90893090244
119907.78287160685
121604.52854147766
123323.39202345486
125064.64342105802
126828.55046295986
128615.38381751312
130425.41712260932
132258.9270158326
134116.19316489276
135997.4982983592
137903.1282366816
139833.37192351397
141788.5214573321
143768.87212336174
145774.72242580337
147806.3741203734
149864.13224714933
151948.30516373733
154059.20457874713
156197.14558559653
158362.44669663123
160555.42987757665
162776.42058231312
165025.74778798976
167303.74403046694
169610.74544010303
171947.091777877
174313.12647186228
176709.1966540417
179135.65319747952
181592.85075384311
184081.14779128777
186600.90663269602
189152.49349428818
191736.27852459514
194352.6358438076
197001.94358349493
199684.58392670756
202400.94314845552
205151.41165657953
207936.3840330028
210756.25907539212
213611.4398391655
216502.33367999125
219429.3522965827
222392.91177403321
225393.43262738123
228431.33984576302
231507.06293689224
234621.03597199116
237773.6976311363
240965.49124904702
244196.86486129713
247468.27125097648
250780.16799578603
254133.0175155892
257527.28712040558
260963.44905886851
264441.9805671348
267963.3639182673
271528.0864720765
275136.64072544285
278789.5243631105
282487.24030896975
286230.2967778152
290019.2073276091
293854.4909122212
297736.67193468945
301666.2803009713
305643.85147420457
309669.92652949365
313745.0522091994
317869.78097876755
322044.6710830717
326270.2866033048
330547.1975143938
334875.9797429715
339257.2152258864
343691.4919692766
348179.4041081906
352721.5519667855
357318.5421190812
361970.98745030566
366679.50721879833
371444.7271185259
376267.2793421626
381147.80264478957
386086.9424081768
391085.35070569266
396143.6863678059
401262.61504822766
406442.80929066037
411684.9485961913
416989.7194913098
422357.8155965843
427789.9376959668
433286.7938067744
438849.0992502978
444477.57672315364
450172.95636918227
455935.97585214896
461767.38042906276
467667.9230242127
473638.3643038879
479679.47275181895
485792.02474531066
491976.8046321207
498234.60480803164
504566.22579518554
510972.47632113186
517454.1733986416
524012.1424062522
530647.2171696028
537360.2400434979
544152.0619947822
551023.5426859646
557975.5505595765
565008.962923701
572124.6660375554
579323.555198745
586606.534830322
593974.5185700363
601428.429359159
608969.1995327506
616597.7709106772
624315.094889459
632122.1325350172
640019.8546762554
648009.2419995607
656091.2851441615
664266.984798411
672537.3517969511
680903.4072188195
689366.1824864472
697926.7194656223
706586.0705663674
715345.2988447797
724205.4781058319
733167.6930071241
742233.0391636353
751402.6232534363
760677.5631244219
770058.9879020203
779548.0380979443
789145.865719934
798853.6343825674
808672.5194190729
818603.7079942342
828648.3992183196
838807.804262086
849083.1464729804
859475.6614921684
869986.5973729307
880617.2147000519
891368.786710329
902242.5994142526
913239.9517187868
924362.1555513445
935610.5359848914
946986.4313642632
958491.193433623
970126.18746517
981892.7923890055
993792.4009242608
1.0058264197114229e6
1.0179962694459344e6
1.0303033850130168e6
1.0427492156237914e6
1.0553352249526442e6
1.068062891275923e6
1.0809337076118845e6
1.0939491818620092e6
1.1071108369535971e6
1.1204202109837418e6
1.1338788573646133e6
1.1474883449701515e6
1.161250258284092e6
1.1751661975494213e6
1.1892377789191927e6
1.2034666346088068e6
1.217854413049664e6
1.232402779044317e6
1.2471134139230265e6
1.2619880157018346e6
1.2770282992420676e6
1.292235996411392e6
1.3076128562463296e6
1.3231606451163471e6
1.3388811468894205e6
1.3547761630992328e6
1.3708475131138612e6
1.3870970343061066e6
1.4035265822253735e6
1.4201380307712113e6
1.4369332723684206e6
1.4539142181438731e6
1.471082798104917e6
1.4884409613195134e6
1.5059906760980252e6
1.5237339301767342e6
1.5416727309030488e6
1.5598091054224824e6
1.5781451008673513e6
1.5966827845472815e6
1.6154242441414555e6
1.6343715878925805e6
1.6535269448031418e6
1.6728924648326207e6
1.6924703190973983e6
1.7122627000721027e6
1.7322718217929655e6
1.752499920063034e6
1.7729492526593572e6
1.7936220995420525e6
1.8145207630654033e6
1.835647568190854e6
1.8570048627020756e6
1.8785950174219795e6
1.9004204264318226e6
1.9224835072923007e6
1.9447867012667905e6
1.9673324735465914e6
1.9901233134783641e6
2.0131617347936218e6
2.0364502758404396e6
2.0599914998172626e6
2.0837879950089736e6
2.1078423750251075e6
2.1321572790403483e6
2.1567353720372217e6
2.181579345051125e6
2.2066919154327963e6
2.2320758270393726e6
2.2577338505708766e6
2.2836687837702567e6
2.3098834516930874e6
2.336380706966695e6
2.363163430051614e6
2.3902345295055616e6
2.4175969422498355e6
2.445253633838246e6
2.473207598728495e6
2.5014618605562043e6
2.5300194724113652e6
2.5588835171175255e6
2.5880571075134343e6
2.617543386737479e6
2.647345528514623e6
2.677466737446172e6
2.7079102493021344e6
2.738679331316398e6
2.769777282484605e6
2.801207433864868e6
2.8329731488812426e6
2.865077823630096e6
2.8975248871892607e6
2.9303178019301924e6
2.963460063832898e6
2.9969552028039764e6
3.0308067829974624e6
3.0650184031388215e6
3.0995936968518323e6
3.1345363329886757e6
3.1698500159629425e6
3.20553848608592e6
3.2416055199058587e6
3.2780549305505697e6
3.3148905680730646e6
3.3521163195738024e6
3.3897361104501816e6
3.427753903420545e6
3.46617369976113e6
3.504999539451092e6
3.5442355015380154e6
3.5838857045069216e6
3.623954306652675e6
3.6644455064558657e6
3.70536354296224e6
3.7467126961656334e6
3.788497287394519e6
3.830721679702114e6
3.8733902782602166e6
3.916507530756583e6
3.960077927796204e6
4.0041060033060964e6
4.0485963349441225e6
4.0935535442208047e6
4.1389822980876183e6
4.1848873078570035e6
4.231273329720867e6
4.278145166537447e6
4.325507667148202e6
4.373365727095072e6
4.421724289060834e6
4.470588343313324e6
4.519962928154052e6
4.569853130370766e6
4.620264085694482e6
4.671200979260524e6
4.722669046074139e6
4.774673571480175e6
4.827219891637412e6
4.88031339399708e6
4.933959517786053e6
4.988163754494346e6
5.042931648367385e6
5.098268796902641e6
5.154180851351093e6
5.210673517223208e6
5.267752554799818e6
5.325423779647542e6
5.383693063139247e6
5.442566332979164e6
5.5020495737330895e6
5.5621488273633225e6
5.622870193768824e6
5.68421983133017e6
5.746203957459841e6
5.808828849157387e6
5.87210084357004e6
5.936026338558249e6
6.00061179326682e6
6.06586372870105e6
6.131788728308561e6
6.198393438566259e6
6.265684569573009e6
6.333668895647613e6
6.402353255932646e6
6.471744555003567e6
6.541849763483874e6
6.612675918665659e6
6.684230125136269e6
6.756519555410493e6
6.829551450568914e6
6.903333120902017e6
6.977871946560453e6
7.053175378211183e6
7.129250937699975e6
7.206106218719817e6
7.2837488874858e6
7.362186683416067e6
7.441427419819346e6
7.521478984588608e6
7.602349340901507e6
7.684046527927104e6
7.766578661539196e6
7.849953935036516e6
7.934180619869289e6
8.019267066372923e6
8.1052217045082245e6
8.192053044608786e6
8.27976967813502e6
8.368380278435621e6
8.457893601515679e6
8.54831848681231e6
8.639663857977323e6
8.731938723667247e6
8.8251521783406e6
8.919313403062873e6
9.014431666318575e6
9.110516324831303e6
9.207576824391074e6
9.305622700689632e6
9.404663580163319e6
9.50470918084402e6
9.605769313217755e6
9.707853881091634e6
9.810972882554026e6
9.915136410515813e6
1.0020354654113626e7
1.0126637899268478e7
1.0233996529678546e7
1.0342441027735688e7
1.0451981975450145e7
1.0562630055384098e7
1.0674396051593717e7
1.07872908505802e7
1.0901325442249376e7
1.101651092088062e7
1.113285848610435e7
1.1250379443889085e7
1.136908520753721e7
1.1488987298690505e7
1.1610097348344563e7
1.1732427097873067e7
1.185598840006122e7
1.198079322014921e7
1.2106853636884855e7
1.223418184358669e7
1.2362790137124622e7
1.2492690967155745e7
1.2623896865319012e7
1.275642049404287e7
1.2890274635790184e7
1.3025472194279235e7
1.3162026195228681e7
1.3299949788084771e7
1.3439256246689707e7
1.3579958970938804e7
1.3722071487366412e7
1.386560746437591e7
1.4010580658772286e7
1.4157004998757655e7
1.4304894530687863e7
1.4454263433902936e7
1.4605126021970907e7
1.475749674394367e7
1.491139018562378e7
1.5066821070843872e7
1.5223804262757238e7
1.5382354765141059e7
1.5542487723711116e7
1.5704218427449336e7
1.5867562309943343e7
1.6032534950738342e7
1.6199152076702053e7
1.6367429563401839e7
1.653738343649504e7
1.6709029873131825e7
1.68823852033716e7
1.7057465911612023e7
1.7234288638031915e7
1.7412870180046894e7
1.759322749377935e7
1.7775377695541218e7
1.7959338063331373e7
1.8145126038346235e7
1.833275922650503e7
1.852225539998872e7
1.8713632498793624e7
1.8906908632299144e7
1.9102102080850556e7
1.9299231297355793e7
1.949831490889795e7
1.9699371718361918e7
1.99024207060769e7
2.010748103147344e7
2.0314572034756746e7
2.0523713238594607e7
2.073492434982186e7
2.094822526115999e7
2.1163636052953377e7
2.138117699492094e7
2.160086854792497e7
2.1822731365755375e7
2.2046786296931516e7
2.2273054386519894e7
2.2501556877969563e7
2.2732315214963738e7
2.296535104328953e7
2.320068621272415e7
2.343834277893949e7
2.3678343005423628e7
2.3920709365420908e7
2.416546454388934e7
2.4412631439476915e7
2.466223316651561e7
2.4914293057034533e7
2.516883466279108e7
2.5425881757321876e7
2.5685458335604593e7
2.5947588628182847e7
2.621229707920245e7
2.6479608372480936e7
2.6749547422138438e7
2.7022139376394294e7
2.729740962027253e7
2.7575383777680695e7
2.7856087713637896e7
2.81395475365243e7
2.8425789600350738e7
2.8714840507050198e7
2.9006727108789694e7
2.9301476510304786e7
2.9599116071254395e7
2.9899673408598933e7
3.0203176398999095e7
3.050965318123827e7
3.0819132158666458e7
3.1131642001667477e7