0.
0.
0.
0.
0.
0.
0.
0.
0.
0.
0.
0.
0.
0.
0.
0.
0.
0.
0.
0.
0.
0.
0.
0.
0.
0.
0.
0.
0.
0.
0.
0.
0.
0.
0.
0.
0.
0.
0.
0.
0.
0.
0.
0.
0.
0.
0.
0.
0.
0.
0.
0.
0.
0.
0.
0.
0.
0.
0.
0.
0.
0.
0.
0.
0.
0.
0.
0.
0.
0.
0.
0.
0.
0.
0.
0.
0.
0.
0.
0.
0.
0.
0.
0.
0.
0.
0.
0.
0.
0.
0.
0.
0.
0.
0.
0.
0.
0.
0.
0.
0.
0.
0.
0.
0.
0.
0.
0.
0.
0.
0.
0.
0.
0.
0.
0.
0.
0.
0.
0.
0.
0.
0.
0.
0.
0.
0.
0.
0.
0.
0.
0.
0.
0.
0.
0.
0.
0.
0.
0.
0.
0.
0.
0.
0.
0.
0.
0.
0.
0.
0.
0.
0.
0.
0.
0.
0.
0.
0.
0.
0.
0.
0.
0.
0.
0.
0.
0.
0.
0.
0.
0.
0.
0.
0.
0.
0.
0.
0.
0.
0.
0.
0.
0.
0.
0.
0.
0.
0.
0.
0.
0.
0.
0.
0.
0.
0.
0.
0.
0.
0.
0.
0.
0.
0.
0.
0.
0.
0.
0.
0.
0.
0.
0.
0.
0.
0.
0.
0.
0.
0.
0.
0.
0.
0.
0.
0.
0.
0.
0.
0.
0.
0.
0.
0.
0.
0.
0.
0.
0.
0.
0.
0.
0.
0.
0.
0.
0.
0.
0.
0.
0.
0.
0.
0.
0.
0.
0.
0.
0.
0.
0.
0.
0.
0.
0.
0.
0.
0.
0.
0.
0.
0.
0.
0.
0.
0.
0.
0.
0.
0.
0.
0.
0.
0.
0.
0.
0.
0.
0.
0.
0.
0.
0.
0.
0.
0.
0.
0.
0.
0.
0.
0.
0.
0.
0.
0.
0.
0.
0.
0.
0.
0.
0.
0.
0.
0.
0.
0.
0.
0.
0.
0.
0.
0.
0.
0.
0.
0.
0.
0.
0.
0.
0.
0.
0.
0.
0.
0.
0.
0.
0.
0.
0.
0.
0.
0.
0.
0.
0.
0.
0.
0.
0.
0.
0.
0.
0.
0.
0.
0.
0.
0.
0.
0.
0.
0.
0.
0.
0.
0.
0.
0.
0.
0.
0.
0.
0.
0.
0.
0.
0.
0.
0.
0.
0.
0.
0.
0.
0.
0.
0.
0.
0.
0.
0.
0.
0.
0.
0.
0.
0.
0.
0.
0.
0.
0.
0.
0.
0.
0.
0.
0.
0.
0.
0.
0.
0.
0.
0.
0.
0.
0.
0.
0.
0.
0.
0.
0.
0.
0.
0.
0.
0.
0.
0.
0.
0.
0.
0.
0.
0.
0.
0.
0.
0.
0.
0.
0.
0.
0.
0.
0.
0.
0.
0.
0.
0.
0.
0.
0.
0.
0.
0.
0.
0.
0.
0.
0.
0.
0.
0.
0.
0.
0.
0.
0.
0.
0.
0.
0.
0.
0.
0.
0.
0.
0.
0.
0.
0.
0.
0.
0.
0.
0.
0.
0.
0.
0.
0.
0.
0.
0.
0.
0.
0.
0.
0.
0.
0.
0.
0.
0.
0.
0.
0.
0.
0.
0.
0.
0.
0.
0.
0.
0.
0.
0.
0.
0.
0.
0.
0.
0.
0.
0.
0.
0.
0.
0.
0.
0.
0.
0.
0.
0.
0.
0.
0.
0.
0.
0.
0.
0.
0.
0.
0.
0.
0.
0.
0.
0.
0.
0.
0.
0.
0.
0.
0.
0.
0.
0.
0.
0.
0.
0.
0.
0.
0.
0.
0.
0.
0.
0.
0.
0.
0.
0.
0.
0.
0.
0.
0.
0.
0.
0.
0.
0.
0.
0.
0.
0.
0.
0.
0.
0.
0.
0.
0.
0.
0.
0.
0.
0.
0.
0.
0.
0.
0.
0.
0.
0.
0.
0.
0.
0.
0.
0.
0.
0.
0.
0.
0.
0.
0.
0.
0.
0.
0.
0.
0.
0.
0.
0.
0.
0.
0.
0.
0.
0.
0.
0.
0.
0.
0.
0.
0.
0.
0.
0.
0.
0.
0.
0.
0.
0.
0.
0.
0.
0.
0.
0.
0.
0.
0.
0.
0.
0.
0.
0.
0.
0.
0.
0.
0.
0.
0.
0.
0.
0.
0.
0.
0.
0.
0.
0.
0.
0.
0.
0.
0.
0.
0.
0.
0.
0.
0.
0.
0.
0.
0.
0.
0.
0.
0.
0.
0.
0.
0.
0.
0.
0.
0.
0.
0.
0.
0.
0.
0.
0.
0.
0.
0.
0.
0.
0.
0.
0.
0.
0.
0.
0.
0.
0.
0.
0.
0.
0.
0.
0.
0.
0.
0.
0.
0.
0.
0.
0.
0.
0.
0.
0.
0.
0.
0.
0.
0.
0.
0.
0.
0.
0.
0.
0.
0.
0.
0.
0.
0.
0.
0.
0.
0.
0.
0.
0.
0.
0.
0.
0.
0.
0.
0.
0.
0.
0.
0.
0.
0.
0.
0.
0.
0.
0.
0.
0.
0.
0.
0.
0.
0.
0.
0.
0.
0.
0.
0.
0.
0.
0.
0.
0.
0.
0.
0.
0.
0.
0.
0.
0.
0.
0.
0.
0.
0.
0.
0.
0.
0.
0.
0.
0.
0.
0.
0.
0.
0.
0.
0.
0.
0.
0.
0.
0.
0.
0.
0.
0.
0.
0.
0.
0.
0.
0.
0.
0.
0.
0.
0.
0.
0.
0.
0.
0.
0.
0.
0.
0.
0.
0.
0.
0.
0.
0.
0.
0.
0.
0.
0.
0.
0.
0.
0.
0.
0.
0.
0.
0.
0.
0.
0.
0.
0.
0.
0.
0.
0.
0.
0.
0.
0.
0.
0.
0.
0.
0.
0.
0.
0.
0.
0.
0.
0.
0.
0.
0.
0.
0.
0.
0.
0.
0.
0.
0.
0.
0.
0.
0.
0.
0.
0.
0.
0.
0.
0.
0.
0.
0.
0.
0.
0.
0.
0.
0.
0.
0.
0.
0.
0.
0.
0.
0.
0.
0.
0.
0.
0.
0.
0.
0.
0.
0.
0.
0.
0.
0.
0.
0.
0.
0.
0.
0.
0.
0.
0.
0.
0.
0.
0.
0.
0.
0.
0.
0.
0.
0.
0.
0.
0.
0.
0.
0.
0.
0.
0.
0.
0.
0.
0.
0.
0.
0.
0.
0.
0.
0.
0.
0.
0.
0.
0.
0.
0.
0.
0.
0.
0.
0.
0.
0.
0.
0.
0.
0.
0.
0.
0.
0.
0.
0.
0.
0.
0.
0.
0.
0.
0.
0.
0.
0.
0.
0.
0.
0.
0.
0.
0.
0.
0.
0.
0.
0.
0.
0.
0.
0.
0.
0.
0.
0.
0.
0.
0.
0.
0.
0.
0.
0.
0.
0.
0.
0.
0.
0.
0.
0.
0.
0.
0.
0.
0.
0.
0.
0.
0.
0.
0.
0.
0.
0.
0.
0.
0.
0.
0.
0.
0.
0.
0.
0.
0.
0.
0.
0.
0.
0.
0.
0.
0.
0.
0.
0.
0.
0.
0.
0.
0.
0.
0.
0.
0.
0.
0.
0.
0.
0.
0.
0.
0.
0.
0.
0.
0.
0.
0.
0.
0.
0.
0.
0.
0.
0.
0.
0.
0.
0.
0.
0.
0.
0.
0.
0.
0.
0.
0.
0.
0.
0.
0.
0.
0.
0.
0.
0.
0.
0.
0.
0.
0.
0.
0.
0.
0.
0.
0.
0.
0.
0.
0.
0.
0.
0.
0.
0.
0.
0.
0.
0.
0.
0.
0.
0.
0.
0.
0.
0.
0.
0.
0.
0.
0.
0.
0.
0.
0.
0.
0.
0.
0.
0.
0.
0.
0.
0.
0.
0.
0.
0.
0.
0.
0.
0.
0.
0.
0.
0.
0.
0.
0.
0.
0.
0.
0.
0.
0.
0.
0.
0.
0.
0.
0.
0.
0.
0.
0.
0.
0.
0.
0.
0.
0.
0.
0.
0.
0.
0.
0.
0.
0.
0.
0.
0.
0.
0.
0.
0.
0.
0.
0.
0.
0.
0.
0.
0.
0.
0.
0.
0.
0.
0.
0.
0.
0.
0.
0.
0.
0.
0.
0.
0.
0.
0.
0.
0.
0.
0.
0.
0.
0.
0.
0.
0.
0.
0.
0.
0.
0.
0.
0.
0.
0.
0.
0.
0.
0.
0.
0.
0.
0.
0.
0.
0.
0.
0.
0.
0.
0.
0.
0.
0.
0.
0.
0.
0.
0.
0.
0.
0.
0.
0.
0.
0.
0.
0.
0.
0.
0.
0.
0.
0.
0.
0.
0.
0.
0.
0.
0.
0.
0.
0.
0.
0.
0.
0.
0.
0.
0.
0.
0.
0.
0.
0.
0.
0.
0.
0.
0.
0.
0.
0.
0.
0.
0.
0.
0.
0.
0.
0.
0.
0.
0.
0.
0.
0.
0.
0.
0.
0.
0.
0.
0.
0.
0.
0.
0.
0.
0.
0.
0.
0.
0.
0.
0.
0.
0.
0.
0.
0.
0.
0.
0.
0.
0.
0.
0.
0.
0.
0.
0.
0.
0.
0.
0.
0.
0.
0.
0.
0.
0.
0.
0.
0.
0.
0.
0.
0.
0.
0.
0.
0.
0.
0.
0.
0.
0.
0.
0.
0.
0.
0.
0.
0.
0.
0.
0.
0.
0.
0.
0.
0.
0.
0.
0.
0.
0.
0.
0.
0.
0.
0.
0.
0.
0.
0.
0.
0.
0.
0.
0.
0.
0.
0.
0.
0.
0.
0.
0.
0.
0.
0.
0.
0.
0.
0.
0.
0.
0.
0.
0.
0.
0.
0.
0.
0.
0.
0.
0.
0.
0.
0.
0.
0.
0.
0.
0.
0.
0.
0.
0.
0.
0.
0.
0.
0.
0.
0.
0.
0.
0.
0.
0.
0.
0.
0.
0.
0.
0.
0.
0.
0.
0.
0.
0.
0.
0.
0.
0.
0.
0.
0.
0.
0.
0.
0.
0.
0.
0.
0.
0.
0.
0.
0.
0.
0.
0.
0.
0.
0.
0.
0.
0.
0.
0.
0.
0.
0.
0.
0.
0.
0.
0.
0.
0.
0.
0.
0.
0.
0.
0.
0.
0.
0.
0.
0.
0.
0.
0.
0.
0.
0.
0.
0.
0.
0.
0.
0.
0.
0.
0.
0.
0.
0.
0.
0.
0.
0.
0.
0.
0.
0.
0.
0.
0.
0.
0.
0.
0.
0.
0.
0.
0.
0.
0.
0.
0.
0.
0.
0.
0.
0.
0.
0.
0.
0.
0.
0.
0.
0.
0.
0.
0.
0.
0.
0.
0.
0.
0.
0.
0.
0.
0.
0.
0.
0.
0.
0.
0.
0.
0.
0.
0.
0.
0.
0.
0.
0.
0.
0.
0.
0.
0.
0.
0.
0.
0.
0.
0.
0.
0.
0.
0.
0.
0.
0.
0.
0.
0.
0.
0.
0.
0.
0.
0.
0.
0.
0.
0.
0.
0.
0.
0.
0.
0.
0.
0.
0.
0.
0.
0.
0.
0.
0.
0.
0.
0.
0.
0.
0.
0.
0.
0.
0.
0.
0.
0.
0.
0.
0.
0.
0.
0.
0.
0.
0.
0.
0.
0.
0.
0.
0.
0.
0.
0.
0.
0.
0.
0.
0.
0.
0.
0.
0.
0.
0.
0.
0.
0.
0.
0.
0.
0.
0.
0.
0.
0.
0.
0.
0.
0.
0.
0.
0.
0.
0.
0.
0.
0.
0.
0.
0.
0.
0.
0.
0.
0.
0.
0.
0.
0.
0.
0.
0.
0.
0.
0.
0.
0.
0.
0.
0.
0.
0.
0.
0.
0.
0.
0.
0.
0.
0.
0.
0.
0.
0.
0.
0.
0.
0.
0.
0.
0.
0.
0.
0.
0.
0.
0.
0.
0.
0.
0.
0.
0.
0.
0.
0.
0.
0.
0.
0.
0.
0.
0.
0.
0.
0.
0.
0.
0.
0.
0.
0.
0.
0.
0.
0.
0.
0.
0.
0.
0.
0.
0.
0.
0.
0.
0.
0.
0.
0.
0.
0.
0.
0.
0.
0.
0.
0.
0.
0.
0.
0.
0.
0.
0.
0.
0.
0.
0.
0.
0.
0.
0.
0.
0.
0.
0.
0.
0.
0.
0.
0.
0.
0.
0.
0.
0.
0.
0.
0.
0.
0.
0.
0.
0.
0.
0.
0.
0.
0.
0.
0.
0.
0.
0.
0.
0.
0.
0.
0.
0.
0.
0.
0.
0.
0.
0.
0.
0.
0.
0.
0.
0.
0.
0.
0.
0.
0.
0.
0.
0.
0.
0.
0.
0.
0.
0.
0.
0.
0.
0.
0.
0.
0.
0.
0.
0.
0.
0.
0.
0.
0.
0.
0.
0.
0.
0.
0.
0.
0.
0.
0.
0.
0.
0.
0.
0.
0.
0.
0.
0.
0.
0.
0.
0.
0.
0.
0.
0.
0.
0.
0.
0.
0.
0.
0.
0.
0.
0.
0.
0.
0.
0.
0.
0.
0.
0.
0.
0.
0.
0.
0.
0.
0.
0.
0.
0.
0.
0.
0.
0.
0.
0.
0.
0.
0.
0.
0.
0.
0.
0.
0.
0.
0.
0.
0.
0.
0.
0.
0.
0.
0.
0.
0.
0.
0.
0.
0.
0.
0.
0.
0.
0.
0.
0.
0.
0.
0.
0.
0.
0.
0.
0.
0.
0.
0.
0.
0.
0.
0.
0.
0.
0.
0.
0.
0.
0.
0.
0.
0.
0.
0.
0.
0.
0.
0.
0.
0.
0.
0.
0.
0.
0.
0.
0.
0.
0.
0.
0.
0.
0.
0.
0.
0.
0.
0.
0.
0.
0.
0.
0.
0.
0.
0.
0.
0.
0.
0.
0.
0.
0.
0.
0.
0.
0.
0.
0.
0.
0.
0.
0.
0.
0.
0.
1.7729983465164845e-306
5.07570556838549e-305
3.2953266011198617e-304
1.7675797290614508e-303
9.073740678526587e-303
4.5978760951974e-302
2.3163837599312337e-301
1.1621222551556028e-300
5.8082232768699696e-300
2.892157839377203e-299
1.4348218665473605e-298
7.092151050653335e-298
3.492730190240266e-297
1.713811788690734e-296
8.378685653346079e-296
4.081379633818958e-295
1.9808886053832927e-294
9.579408841061849e-294
4.615795714100118e-293
2.2160894097974564e-292
1.0601429015531033e-291
5.053375494495099e-291
2.4001718996793555e-290
1.135926732240169e-289
5.356844762767996e-289
2.517225559666851e-288
1.1786723362122903e-287
5.49952880497514e-287
2.556953575376441e-286
1.184646311895807e-285
5.4692351307193965e-285
2.5161702399131115e-284
1.153539559712323e-283
5.269962287373004e-283
2.3992116129928142e-282
1.0884766515083772e-281
4.9211054306743825e-281
2.2171888035433e-280
9.955030558708298e-280
4.4543658271550355e-279
1.9862593670627156e-278
8.826657774833883e-278
3.909041537861759e-277
1.725287122330924e-276
7.5887973956558e-276
3.3266601387506173e-275
1.4533533097007388e-274
6.327973537164245e-274
2.7459470898405607e-273
1.1875642274066991e-272
5.118737338482391e-272
2.1989367343010387e-271
9.414778874822326e-271
4.01752284338029e-270
1.708680091591739e-269
7.243036323253844e-269
3.0601406218191143e-268
1.2886240481338317e-267
5.4085208623708835e-267
2.2625673258608856e-266
9.434057625445554e-266
3.9207832101170967e-265
1.6241558414605164e-264
6.70604395189581e-264
2.7598925747654775e-263
1.1321612744265441e-262
4.6293284058074996e-262
1.8867940500210054e-261
7.66533332238344e-261
3.104136786128105e-260
1.2530174759192822e-259
5.0417706142474663e-259
2.022189782595738e-258
8.084940082529697e-258
3.2221885318821117e-257
1.2801106571616503e-256
5.0695530350338655e-256
2.0013386451586407e-255
7.875958140654457e-255
3.089735270955836e-254
1.2083071207012061e-253
4.710583691211453e-253
1.8306973945052041e-252
7.092608210372515e-252
2.7393407355954367e-251
1.0547266578082386e-250
4.0484675982932623e-250
1.5491782104711285e-249
5.909832081133488e-249
2.2475793160338083e-248
8.52165807065224e-248
3.221109099335761e-247
1.2138417523057997e-246
4.5603383119386134e-246
1.708100603224409e-245
6.3784367864144355e-245
2.3746659080659346e-244
8.814166487776318e-244
3.261770977646983e-243
1.2034336927570129e-242
4.426804615465493e-242
1.6235326186275923e-241
5.936591199908173e-241
2.1643211718878044e-240
7.86715452718414e-240
2.851202257968117e-239
1.0302810254269568e-238
3.7119631535447796e-238
1.3334441633205537e-237
4.776086377657226e-237
1.705684095622584e-236
6.073751787973321e-236
2.156504699021791e-235
7.634517875467249e-235
2.694967705691273e-234
9.485694908252503e-234
3.3291339256557267e-233
1.1650452436396222e-232
4.065431076736027e-232
1.4145736715530266e-231
4.9079774444576096e-231
1.6980106971780188e-230
5.857900784497253e-230
2.0151629562198325e-229
6.912700435070228e-229
2.3645992052204445e-228
8.065706275066641e-228
2.7435011313658603e-227
9.305689846101554e-227
3.1475707214243427e-226
1.0616679607221582e-225
3.5710095239912246e-225
1.197802384891492e-224
4.0065815329425132e-224
1.336473079684531e-223
4.445766308967399e-223
1.4748097148465073e-222
4.879002567367728e-222
1.6096614677316762e-221
5.296015339381929e-221
1.7377121589350084e-220
5.686212592347269e-220
1.8556143165947528e-219
6.039130588206403e-219
1.9601347159674024e-218
6.344901974905298e-218
2.048302554140011e-217
6.5947172541369945e-217
2.1175507219925103e-216
6.781249289583887e-216
2.165840730166048e-215
6.899012115853754e-215
2.1917627554488247e-214
6.944629414707197e-214
2.194603934874224e-213
6.91699430797839e-213
2.1743803022298206e-212
6.817310006768949e-212
2.1318304255135236e-211
6.6490096137105946e-211
2.068371612743693e-210
6.417562172753792e-210
1.9860222437136155e-209
6.130180081634085e-209
1.887296110798897e-208
5.795449509391483e-208
1.7750764117450024e-207
5.422909956516173e-207
1.6524780960707964e-206
5.022611250074433e-206
1.5227075663920244e-205
4.604676023931182e-205
1.3889282979761455e-204
4.178893280698887e-204
1.2541398572439246e-203
3.7543643574368194e-203
1.1210762217565273e-202
3.3392170572522444e-202
9.921274146727817e-202
2.94039747449591e-201
8.692864619870996e-201
2.5635427452534313e-200
7.541217473605504e-200
2.2129321476880414e-199
6.477731348315877e-199
1.8915090958632642e-198
5.509688704637417e-198
1.6009629090222746e-197
4.6405932826472596e-197
1.341856934025596e-196
3.870631532642492e-196
1.1137886429245566e-195
3.197212519984526e-195
9.155675880960531e-195
2.6155433021512593e-194
7.45398351268348e-194
2.1192019913125469e-193
6.010575947685037e-193
1.7006777408054979e-192
4.800567222287461e-192
1.3518548220776453e-191
3.797842065924149e-191
1.0644259752566933e-190
2.9762411039966903e-190
8.302276607735233e-190
2.310495268780505e-189
6.414962376373172e-189
1.7769149128855202e-188
4.9104916562517784e-188
1.3538529071196684e-187
3.7239897137438366e-187
1.021970293419136e-186
2.7980997717126237e-186
7.643381842674678e-186
2.0830881991253188e-185
5.66411162487417e-185
1.5365980811845112e-184
4.1590620285102735e-184
1.1231542926029504e-183
3.026179168649902e-183
8.13510794698431e-183
2.1819647912887853e-182
5.839157050700142e-182
1.5590959096800495e-181
4.153536388493462e-181
1.1040480291475526e-180
2.9280933405985443e-180
7.748383501037065e-180
2.045826369180018e-179
5.389644716064776e-179
1.4167310971499364e-178
3.715804505669158e-178
9.724306539107271e-178
2.5392589090904626e-177
6.616070004216173e-177
1.720046383952197e-176
4.4619980597221164e-176
1.1549679541849897e-175
2.9830739012720495e-175
7.6880073212368e-175
1.9770672110820487e-174
5.073283308363167e-174
1.2990294461111194e-173
3.319045693377424e-173
8.462018579468478e-173
2.1527984506689782e-172
5.465168625663479e-172
1.3844481477072022e-171
3.4996522244985366e-171
8.827755100558534e-171
2.222055899373636e-170
5.581373902094911e-170
1.3989777291710218e-169
3.49917883269445e-169
8.733920479927633e-169
2.175415325580232e-168
5.407133382517523e-168
1.3411767595956654e-167
3.3197171085115487e-167
8.200009095190847e-167
2.0212864550140048e-166
4.972144492818818e-166
1.2205737464878696e-165
2.9901348589233687e-165
7.310146000135746e-165
1.7834950137617078e-164
4.3424054148226984e-164
1.055123986262679e-163
2.558546540415433e-163
6.191585506096582e-163
1.4953098149284e-162
3.6039874553250496e-162
8.668916931821158e-162
2.0809605299753646e-161
4.985357992734618e-161
1.1919544995853719e-160
2.8441717897510393e-160
6.773089052794917e-160
1.6097356088218636e-159
3.818221388239518e-159
9.03875118188237e-159
2.1354947260947297e-158
5.035392091165149e-158
1.1849902286549492e-157
2.7832030595607505e-157
6.524175326332587e-157
1.526366809297837e-156
3.5640740050825585e-156
8.305981634742042e-156
1.9319399081662325e-155
4.484939519893799e-155
1.039158582917829e-154
2.4030967440983053e-154
5.546599285130155e-154
1.2777631405967042e-153
2.937946360874402e-153
6.742317812751457e-153
1.5443592491429917e-152
3.530718580624349e-152
8.056667210991547e-152
1.8349624902190537e-151
4.171385125463275e-151
9.464912418849946e-151
2.14357164765303e-150
4.8455867807397854e-150
1.0933106657800895e-149
2.462246319378062e-149
5.534927969595427e-149
1.2419006990657059e-148
2.7813653769185907e-148
6.2176652973917734e-148
1.3873837079837072e-147
3.090065328533236e-147
6.869772822092612e-147
1.5244829714190692e-146
3.376836782251453e-146
7.466321517191843e-146
1.647837002017548e-145
3.6302336111002914e-145
7.983061348641902e-145
1.7523495330265776e-144
3.839637168207478e-144
8.398072405013798e-144
1.8335417951575855e-143
3.9960008806214876e-143
8.69332035820301e-143
1.8878736395459022e-142
4.092503578386322e-142
8.855965048420914e-142
1.9130008810194667e-141
4.125044726180649e-141
8.879287752608883e-141
1.9079427251225165e-140
4.092531434051117e-140
8.763144055614062e-140
1.873142683101782e-139
3.996929541610938e-139
8.513900791267261e-139
1.8104180524279947e-138
3.8430769510332533e-138
8.143871972693086e-138
1.7228051606389572e-137
3.638282998547623e-137
7.670321893366544e-137
1.6143184574263767e-136
3.3917594960267015e-136
7.114146484040861e-136
1.4896497605012846e-135
3.113944349222326e-135
6.498371271081322e-135
1.3538385533117812e-134
2.8157857079928115e-134
5.846613259717101e-134
1.2119448358793115e-133
2.508053097876224e-133
5.1816450090074586e-133
1.0687528961798332e-132
2.2007328706072046e-132
4.524174925720448e-132
9.285282696669505e-132
1.90255054950467e-131
3.8919231292701674e-131
7.9484220320422e-131
1.6206447807098487e-130
3.2990328156480853e-130
6.704693806559486e-130
1.360399302262074e-129
2.755818499308124e-129
5.573566644879742e-129
1.1254229737162181e-128
2.268819544956567e-128
4.566540779046644e-128
9.176552115029235e-128
1.8411032270114742e-127
3.6879476452125568e-127
7.3756610546543396e-127
1.472747648506451e-126
2.9360841146338923e-126
5.8441721115188696e-126
1.161431036769825e-125
2.3045246439767647e-125
4.5655000839962016e-125
9.030587164166481e-125
1.7834700497571977e-124
3.516733100793269e-124
6.923701090383774e-124
1.3610186476904158e-123
2.6712728710887092e-123
5.234827663597534e-123
1.0242784190789398e-122
2.0010903254355275e-122
3.903461788332117e-122
7.602724848435263e-122
1.4785167254832962e-121
2.8709284020223688e-121
5.566204437102939e-121
1.0775517399809064e-120
2.08286351613866e-120
4.020024535632202e-120
7.747174018820958e-120
1.4907545314683463e-119
2.8643011903580526e-119
5.495186583230993e-119
1.0526861500489148e-118
2.013583160001968e-118
3.845881625046985e-118
7.334650388295153e-118
1.3967592757595719e-117
2.6559740486877066e-117
5.0429850284135745e-117
9.561248092781936e-117
1.8101143766383183e-116
3.421869413244512e-116
6.459342123328327e-116
1.2175366436243504e-115
2.291638671641368e-115
4.307071097915891e-115
8.0833462292318975e-115
1.5148687433496055e-114
2.834881764084846e-114
5.29751814004979e-114
9.885279273711005e-114
1.8419839893595442e-113
3.427398487126623e-113
6.368345460626321e-113
1.1816076947248127e-112
2.1893041708179476e-112
4.0506657539918786e-112
7.484031915021001e-112
1.3808139873475528e-111
2.5440547370064985e-111
4.6807004708849844e-111
8.599828122203985e-111
1.577845976686016e-110
2.89092447523475e-110
5.2894141822537907e-110
9.664479695931511e-110
1.7633999894550308e-109
3.2131131511867213e-109
5.846627286066263e-109
1.0624056519659252e-108
1.9278901174966558e-108
3.493674879363443e-108
6.3225513265854945e-108
1.142650106328607e-107
2.0622748437005313e-107
3.7170085027437387e-107
6.69045484843233e-107
1.2026358846483035e-106
2.1588896259450635e-106
3.87031066504971e-106
6.929177017993696e-106
1.2389085818594932e-105
2.2121775046499388e-105
3.9448011357225665e-105
7.025156664950309e-105
1.2494359277679862e-104
2.2192200186151548e-104
3.936556077165614e-104
6.973704568715349e-104
1.233794921216929e-103
2.179997759757206e-103
3.8468393977595543e-103
6.779353837445551e-103
1.1931913153395709e-102
2.0973489583384336e-102
3.681895224237517e-102
6.455257401453862e-102
1.1303121491547598e-101
1.976638278956228e-101
3.452242230905628e-101
6.021737917338962e-101
1.0490356359333991e-100
1.8251884251870935e-100
3.1715788309150617e-100
5.504209040840123e-100
9.540413407186658e-100
1.6515570991501119e-99
2.855455340461354e-99
4.930759088705999e-99
8.503742055838019e-99
1.4647567301904608e-98
2.5198883561176998e-98
4.3297090390117727e-98
7.430173896970954e-98
1.2735128544842639e-97
2.1800829047610489e-97
3.7274277771797447e-97
6.365217436097873e-97
1.0856410415178318e-96
1.849394179452501e-96
3.146619014450895e-96
5.347262415972532e-96
9.07596273432607e-96
1.538611564343735e-95
2.6052030015751945e-95
4.4058696214826755e-95
7.442184092150859e-95
1.2555935350793676e-94
2.1158205184132836e-94
3.56115488564005e-94
5.986684580489194e-94
1.0052325788464725e-93
1.6859029974099197e-93
2.8241362300664385e-93
4.72527309825352e-93
7.896917016885153e-93
1.3181923857028405e-92
2.1978181653824297e-92
3.6601393742184594e-92
6.0883212362597455e-92
1.011562519742073e-91
1.678743314780763e-91
2.7827450402675563e-91
4.60745655266606e-91
7.619894231274999e-91
1.2587446895365558e-90
2.0769618580229665e-90
3.4231245211599524e-90
5.635355564200699e-90
9.266709271555038e-90
1.5220764941579587e-89
2.497211241495619e-89
4.092447121638264e-89
6.699169935187287e-89
1.0953935057854994e-88
1.7890880001774222e-88
2.918816140572542e-88
4.7565973543717993e-88
7.742866507406076e-88
1.2589949802183402e-87
2.0448628341599204e-87
3.317595473913596e-87
5.376539608889595e-87
8.703692609505938e-87
1.407429390536168e-86
2.2733859015276958e-86
3.66812629426821e-86
5.9120903535411925e-86
9.518414239407742e-86
1.5307912969895282e-85
2.4592138638896477e-85
3.946450198835558e-85
6.326274763708929e-85
1.0130284632641944e-84
1.6204233618527732e-84
2.5892242600454032e-84
4.132817561772616e-84
6.589603214958091e-84
1.049566173820502e-83
1.669932742525604e-83
2.6541642175745142e-83
4.214027000728181e-83
6.683571658926836e-83
1.0589189696434836e-82
1.67594871368649e-82
2.649742345804223e-82
4.1849718457216957e-82
6.602804702446432e-82
1.0406685312754251e-81
1.638496397915026e-81
2.577084717861599e-81
4.0491425916414543e-81
6.355498919144496e-81
9.965278965926891e-81
1.5609303798633125e-80
2.4424905491933068e-80
3.8180231730920745e-80
5.9621316008213655e-80
9.30085564733984e-80
1.4494512539661688e-79
2.256548656687894e-79
3.5095156190258765e-79
5.452705658906587e-79
8.463311673462739e-79
1.312299682018501e-78
2.0327834842706375e-78
3.1456879176771114e-78
4.863036767828227e-78
7.510483136362877e-78
1.1587709355085273e-77
1.7860668035779937e-77
2.7502310349475067e-77
4.230707685753564e-77
6.501749082492422e-77
9.982095415434036e-77
1.5310470391958205e-76
2.3460195855420914e-76
3.591302518003151e-76
5.49225352319975e-76
8.391282881670984e-76
1.2808147362811202e-75
1.9531041504149848e-75
2.9754084173727535e-75
4.528463067492729e-75
6.885557202986791e-75
1.0459533750766332e-74
1.5873455906645936e-74
2.406675495523228e-74
3.645452252770797e-74
5.516632744778116e-74
8.340391899312975e-74
1.2597649262740072e-73
1.901009028584991e-73
2.8659683988514804e-73
4.316702350924791e-73
6.495719067835056e-73
9.765572771601094e-73
1.4667783631366285e-72
2.2010427888866439e-72
3.299822798573138e-72
4.942558511892496e-72
7.396274307011782e-72
1.1057962416340048e-71
1.6517299260256358e-71
2.4649363490654565e-71
3.6751582023005425e-71
5.474581652688928e-71
8.147630321499741e-71
1.2114851097630853e-70
1.7997498157921817e-70
2.6712491107327177e-70
3.961190605579993e-70
5.86876995719968e-70
8.687190115760041e-70
1.2847639858573598e-69
1.8983665107284672e-69
2.802530490668531e-69
4.133663217210132e-69
6.091653371175315e-69
8.969154583591521e-69
1.3194257379920967e-68
1.939261569844124e-68
2.8477817773059876e-68
4.1782726383017036e-68
6.125019428347221e-68
8.970975415681593e-68
1.3127868970279714e-67
1.919428946170063e-67
2.803973810732203e-67
4.0926144868261056e-67
5.968339995365549e-67
8.696269061941454e-67
1.2660181584248134e-66
1.8415152156934958e-66
2.676331795419924e-66
3.8862856033722894e-66
5.638459209145419e-66
8.173686756955834e-66
1.1838814132094588e-65
1.7132941204156482e-65
2.4773650133621635e-65
3.5791777737040305e-65
5.166692005711871e-65
7.452101266414879e-65
1.0739464549944601e-64
1.5464114246395052e-64
2.224881278941221e-64
3.198370970319834e-64
4.594009162480677e-64
6.593207344879345e-64
9.454624587329273e-64
1.3546757140500442e-63
1.939414873102982e-63
2.7742860471992326e-63
3.965315147034575e-63
5.663057225903354e-63
8.08112406193531e-63
1.1522348097440059e-62
1.6415700161165995e-62
2.336833876358387e-62
3.3238933701900414e-62
4.724087624858673e-62
6.708744081777509e-62
9.519578617068425e-62
1.349734165703929e-61
1.912201130177573e-61
2.7069143023028756e-61
3.828880764887715e-61
5.41160846472794e-61
7.642560248632205e-61
1.0784751436205676e-60
1.520690943157797e-60
2.142555656977741e-60
3.016368386224651e-60
4.24324925052299e-60
5.964518343300963e-60
8.377523651055933e-60
1.1757640295887995e-59
1.6488823606688452e-59
2.310600913641481e-59
3.2353907877338375e-59
4.526847359346189e-59
6.328969820688136e-59
8.841766269590111e-59
1.2342826636315396e-58
1.721712297371223e-58
2.3998143491121246e-58
3.34246277109312e-58
4.651876059252217e-58
6.469386061395342e-58
8.990257478158213e-58
1.2484066385229097e-57
1.7322702018304857e-57
2.401881474314642e-57
3.3278567764397725e-57
4.607396002263373e-57
6.374190756485876e-57
8.811988294060412e-57
1.2173146396976592e-56
1.6803996890835652e-56
2.3179490653297626e-56
3.195048578707094e-56
4.400824554013001e-56
6.057234480120182e-56
8.331039349516697e-56
1.1450097392084102e-55
1.5725522886822567e-55
2.1581799389319184e-55
2.959767319123748e-55
4.056164614512607e-55
5.554722574457685e-55
7.601489337609354e-55
1.0395017821255126e-54
1.4205048758383706e-54
1.9397773027456854e-54
2.646996587829334e-54
3.6095076024951036e-54
4.9185412475393577e-54
6.697599230490119e-54
9.11375145816105e-54
1.2392847086058674e-53
1.6839980619209279e-53
2.2867009269141503e-53
3.1029525103559804e-53
4.207649595940719e-53
5.701686979219173e-53
7.72088772309085e-53
1.0447968478326642e-52
1.4128560299829377e-52
1.909264473223981e-52
2.578321588008404e-52
3.479457800628473e-52
4.6923482871775685e-52
6.323736486238267e-52
8.516532851209129e-52
1.146193925240079e-51
1.5415594203642416e-51
2.0719057793274576e-51
2.7828383014398025e-51
3.7352085215514677e-51
5.010156713343712e-51
6.715804056474744e-51
8.996128215894068e-51
1.2042726845846302e-50
1.6110398304957466e-50
2.153776454222519e-50
2.8774549788067334e-50
3.8417639274404055e-50
5.125871250962999e-50
6.83471250243615e-50
9.107286544242527e-50
1.2127592531573537e-49
1.6139039703527804e-49
2.146342031501435e-49
2.852587446010092e-49
3.788771777406042e-49
5.0289580530710015e-49
6.6708060374135114e-49
8.843007395581483e-49
1.1715037402549271e-48
1.5509936745600447e-48
2.052105421574362e-48
2.713396369663359e-48
3.585513627011498e-48
4.734942560373244e-48
6.24890445671141e-48
8.241751523066583e-48
1.0863311730194207e-47
1.4309771114421347e-47
1.8837856281820384e-47
2.478330622854821e-47
3.258491576600276e-47
4.28158115194846e-47
5.622411081590888e-47
7.378574546730467e-47
9.677304779301861e-47
1.268437465215573e-46
1.6615637572882142e-46
2.1751984310123734e-46
2.8458714935825845e-46
3.721061380029957e-46
4.8624386643937776e-46
6.350059580287574e-46
8.287784169612265e-46
1.0810272434229605e-45
1.4092012600366446e-45
1.8358964702757225e-45
2.3903568040337458e-45
3.110407269714324e-45
4.044942606096997e-45
5.257129140158237e-45
6.828521781767422e-45
8.864354558028405e-45
1.1500335157508229e-44
1.491136586982725e-44
1.9322730465546935e-44
2.5024435809620286e-44
3.2389587015108456e-44
4.1897916714009003e-44
5.416589646524153e-44
6.998524904533348e-44
9.03721766439172e-44
1.1663024995851046e-43
1.504307024016327e-43
1.939148869765519e-43
2.4982493746652073e-43
3.2167030181098324e-43
4.1393987388023725e-43
5.323720536210645e-43
6.842983573603133e-43
8.790803593493202e-43
1.128664998003403e-42
1.448289909204235e-42
1.8573788104809965e-42
2.3806775006774364e-42
3.0496943203277635e-42
3.9045256410686164e-42
4.9961679984392373e-42
6.389444953886533e-42
8.166710048591534e-42
1.0432529019889373e-41
1.3319596948370497e-41
1.6996211886300415e-41
2.1675709152478728e-41
2.7628364066924336e-41
3.5196400682001786e-41
4.481290657882619e-41
5.702565718015445e-41
7.252710742162241e-41
9.219212663990468e-41
1.171254498745961e-40
1.487213149532848e-40
1.8873837398217574e-40
2.3939374030748497e-40
3.034809950177536e-40
3.845181769844656e-40
4.869332747671089e-40
6.1629659866501464e-40
7.796117249955479e-40
9.856795815080689e-40
1.2455538177943465e-39
1.5731100446649633e-39
1.9857570381540566e-39
2.505324842067709e-39
3.159173182569374e-39
3.981574117579986e-39
5.015435861702305e-39
6.314450844288455e-39
7.945771001363672e-39
9.993337966784844e-39
1.2562026316091299e-38
1.5782795683217089e-38
1.9819094081563925e-38
2.4874812163780816e-38
3.120415896265262e-38
3.912391695396403e-38
4.902864185588589e-38
6.140950506885904e-38
7.687763975207577e-38
9.619305219296743e-38
1.2030040688202802e-37
1.5037329699067818e-37
1.8786898452506152e-37
2.3459605189088494e-37
2.927979680091835e-37
3.652562607384916e-37
4.554178315837533e-37
5.675519831480478e-37
7.069439967468202e-37
8.801336485251316e-37
1.0952089499895413e-36
1.362167719405183e-36
1.6933618381462967e-36
2.1040472211450954e-36
2.613050277130174e-36
3.2435997677699524e-36
4.024338062669365e-36
4.990566437301437e-36
6.185771936632147e-36
7.663499438669115e-36
9.489645844556912e-36
1.1745270213518588e-35
1.4530034206086288e-35
1.796641217573651e-35
2.2204840598370478e-35
2.7430013388937786e-35
3.386857439989982e-35
4.179851234069077e-35
5.156063155151209e-35
6.357254504836912e-35
7.834574464268726e-35
9.65064049671405e-35
1.1882073893432164e-34
1.462258711122075e-34
1.7986742312129384e-34
2.211452442214198e-34
2.7176902690831503e-34
3.338259125679354e-34
4.098626337095959e-34
5.0298527191702434e-34
6.169803529376214e-34
7.564617744917746e-34
9.270489950726845e-34
1.1355830351552211e-33
1.3903881941263058e-33
1.7015890126927533e-33
2.0814939664033777e-33
2.5450597268636257e-33
3.110452651732042e-33
3.799727556508145e-33
4.63964789257579e-33
5.662676340861723e-33
6.908170688662753e-33
8.423826879424134e-33
1.0267419538997487e-32
1.2508900358365316e-32
1.5232926775129933e-32
1.854190782910158e-32
2.2559671329292755e-32
2.743587710575312e-32
3.335132577851627e-32
4.052434192847954e-32
4.921844571760586e-32
5.975156896679719e-32
7.250712175139365e-32
8.794727525016321e-32
1.0662889770313086e-31
1.2922266505385614e-31
1.5653596872961212e-31
1.8954036307716336e-31
2.2940443780956915e-31
2.775331706758588e-31
3.356150174640635e-31
4.056782363288897e-31
4.9015822832109514e-31
5.9197801418328526e-31
7.146443705861925e-31
8.6236261038656e-31
1.0401736067161895e-30
1.2541172275444626e-30
1.5114272668450775e-30
1.8207637945438396e-30
2.1924900084562768e-30
2.639001970160402e-30
3.175121161605751e-30
3.818561635026892e-30
4.590485697792999e-30
5.51616463561498e-30
6.625764001890052e-30
7.955276569922547e-30
9.547630254631141e-30
1.1454003274161483e-29
1.373538467216741e-29
1.646442521388592e-29
1.9727631785734738e-29
2.3627967982561697e-29
2.828793480887603e-29
3.385321864320671e-29
4.049700916064675e-29
4.8425108178400995e-29
5.78819718512163e-29
6.91578538455277e-29
8.259724670264782e-29
9.860885330944336e-29
1.176773611016077e-28
1.403773393475125e-28
1.6738963578627384e-28
1.9952071440610095e-28
2.3772545286045366e-28
2.8313400780900513e-28
3.370834615253417e-28
4.011550859801428e-28
4.772182042509716e-28
5.6748179697386555e-28
6.745551976387902e-28
8.015194495238606e-28
9.520111643099042e-28
1.130321034292094e-27
1.3415095138106107e-27
1.5915426095795925e-27
1.8874512137929777e-27
2.2375179896138504e-27
2.6514964890998946e-27
3.1408679640610097e-27
3.7191422384865326e-27
4.4022100675004045e-27
5.208755636017867e-27
6.160739277791651e-27
7.283962154115479e-27
8.608726557642953e-27
1.0170607743046311e-26
1.201135578146947e-26
1.4179948946287955e-26
1.673382362892856e-26
1.974030983047077e-26
2.327830596423867e-26
2.744023213653062e-26
3.2334307362231714e-26
3.808720345199757e-26
4.4847136730799615e-26
5.27874684897389e-26
6.211089633665504e-26
7.305433162823567e-26
8.589457320744246e-26
1.0095490503652342e-25
1.1861276537017619e-25
1.393086582526603e-25
1.6355650481853817e-25
1.919556626617827e-25
2.252048770262945e-25
2.6411846846615256e-25
3.0964510873277147e-25
3.6288959089308546e-25
4.251380621269898e-25
4.978872595061434e-25
5.828783717085214e-25
6.821362446620025e-25
7.980147583534681e-25
9.33249327565455e-25
1.0910176234853383e-24
1.2750097786876137e-24
1.489509528017719e-24
1.7394879559470035e-24
2.0307117710647726e-24
2.369868315135024e-24
2.764709842832438e-24
3.224219984889807e-24
3.7588057387480754e-24
4.380518824744132e-24
5.103310811199398e-24
5.943327058659236e-24
6.919245273431743e-24
8.05266530659386e-24
9.368557801650303e-24
1.0895780398971155e-23
1.2667671467243112e-23
1.4722732773296704e-23
1.710541414665942e-23
1.9867015072227865e-23
2.3066720285546102e-23
2.677278888665646e-23
3.1063919271551485e-23
3.6030815351585666e-23
4.1777983143830434e-23
4.842579092918253e-23
5.611283085817473e-23
6.499862521373512e-23
7.526672660284709e-23
8.712826824376747e-23
1.0082602835370106e-22
1.1663908154982444e-22
1.3488812029696457e-22
1.5594154092914167e-22
1.8022240182197403e-22
2.0821637610398957e-22
2.404808380997424e-22
2.7765524175819114e-22
3.204729709319207e-22
3.6977486587012723e-22
4.265246580466518e-22
4.918265768882855e-22
5.669454275750295e-22
6.53329479392099e-22
7.526365497281425e-22
8.667637204169774e-22
9.97881181486072e-22
1.14847076334818e-21
1.3213697930544495e-21
1.5198209944796166e-21
1.7475292474794966e-21
2.008726128519821e-21
2.3082432765713934e-21
2.651595764942315e-21
3.045076814121499e-21
3.4958653548329395e-21
4.012148146800984e-21
4.603258379962276e-21
5.279832934113568e-21
6.053990753726425e-21
6.939535110757598e-21
7.952182884093231e-21
9.109824384639227e-21
1.0432817705460615e-20
1.194432208286767e-20
1.367067532376102e-20
1.5641820994501777e-20
1.7891791785585744e-20
2.0459256273990983e-20
2.3388137211880494e-20
2.672831048823554e-20
3.053639505226851e-20
3.487664536889031e-20
3.982195941362982e-20
4.5455016825626664e-20
5.186956364328285e-20
5.917186207058734e-20
6.748232598883158e-20
7.693736546662226e-20
8.769146636260344e-20
9.991953429538674e-20
1.1381953581314847e-19
1.2961547357484841e-19
1.4756073680488023e-19
1.6794187325697818e-19
1.910828344819188e-19
2.173497524034325e-19
2.4715631214241025e-19
2.809697937733675e-19
3.1931786434066483e-19
3.6279621110755236e-19
4.1207711777079417e-19
4.679190973737011e-19
5.311777090290791e-19
6.028177004756635e-19
6.83926635107674e-19
7.757301806265486e-19
8.796092570771312e-19
9.971192649792257e-19
1.1300116398077703e-18
1.2802580074954747e-18
1.4500772472462128e-18
1.6419658031045184e-18
1.858731624812414e-18
2.103532161926712e-18
2.3799168834384613e-18
2.6918748487548704e-18
3.0438879154459498e-18
3.4409902352643442e-18
3.8888347633132165e-18
4.393767586647186e-18
4.962910968895159e-18
5.604256107636448e-18
6.3267667122914355e-18
7.140494633341802e-18
8.056708910051466e-18
9.088039754905427e-18
1.0248639160260081e-17
1.1554359997899445e-17
1.3022955687179216e-17
1.4674302734272588e-17
1.6530648695960135e-17
1.8616888398926483e-17
2.0960871552361322e-17
2.35937452308333e-17
2.6550335079200568e-17
2.9869569505392085e-17
3.359495158422081e-17
3.7775083900334706e-17
4.246425211595298e-17
4.77230736639107e-17
5.361921864573094e-17
6.02282107626316e-17
6.763431693316454e-17
7.593153516123849e-17
8.522469122132014e-17
9.56306558328569e-17
1.0727969521346915e-16
1.2031696924125054e-16
1.3490419293275198e-16
1.5122147856809395e-16
1.6946937758278694e-16
1.898711433129531e-16
2.126752378442426e-16
2.381581085938026e-16
2.666272628699456e-16
2.984246715284088e-16
3.3393053600213264e-16
3.735674564505072e-16
4.178050425836169e-16
4.671650128994883e-16
5.222268326634025e-16
5.83633945995933e-16
6.521006629633525e-16
7.284197686258703e-16
8.13470927646128e-16
9.0822996534701e-16
1.0137791140942374e-15
1.1313183226293224e-15
1.2621777355642248e-15
1.4078314607467519e-15
1.5699127536995863e-15
1.7502307609175195e-15
1.9507889775760407e-15
2.1738055902684037e-15
2.4217358918662703e-15
2.6972969736173564e-15
3.0034949192938757e-15
3.3436547477380973e-15
3.721453373680588e-15
4.1409558824133914e-15
4.6066554419770186e-15
5.1235172071791255e-15
5.6970266032340016e-15
6.333242413342608e-15
7.038855134395806e-15
7.82125110847011e-15
8.688582985214391e-15
9.649847121943937e-15
1.0714968584635742e-14
1.1894894474469543e-14
1.3201696371507929e-14
1.4648682760055605e-14
1.6250522379668906e-14
1.8023379532289335e-14
1.9985062470138984e-14
2.2155186091493166e-14
2.4555350282962844e-14
2.7209335368224627e-14
3.014331625507171e-14
3.3386097016115733e-14
3.696936779441015e-14
4.0927986094880844e-14
4.5300284706263634e-14
5.0128408698927455e-14
5.5458684160673916e-14
6.13420215689189e-14
6.783435695371049e-14
7.499713428407151e-14
8.289783281186501e-14
9.161054343466464e-14
1.0121659849410429e-13
1.1180525981114569e-13
1.2347447017702391e-13
1.3633167397098807e-13
1.5049471306615448e-13
1.6609280471584634e-13
1.832676086880706e-13
2.021743915387146e-13
2.2298329658852544e-13
2.4588072889901616e-13
2.7107086533252114e-13
2.9877730063656503e-13
3.292448414173165e-13
3.6274146086718623e-13
3.995604281929137e-13
4.400226278594806e-13
4.84479085028743e-13
5.333137149369193e-13
5.869463154298578e-13
6.458358234682583e-13
7.104838581351639e-13
7.814385745353365e-13
8.592988549808817e-13
9.447188660208387e-13
1.0384130122068442e-12
1.1411613200045944e-12
1.2538152879767112e-12
1.3773042422903738e-12
1.5126422397596983e-12
1.6609355640346164e-12
1.8233908642144296e-12
2.0013239891128137e-12
2.196169574656033e-12
2.409491446452827e-12
2.6429939046690436e-12
2.898533963169951e-12
3.17813462139635e-12
3.4839992528087185e-12
3.818527200810367e-12
4.184330680021987e-12
4.584253088450261e-12
5.02138884431911e-12
5.499104870169697e-12
6.0210638563378595e-12
6.591249446122635e-12
7.213993495926787e-12
7.894005575424579e-12
8.63640488545928e-12
9.446754784948136e-12
1.0331100132643427e-11
1.1296007665238827e-11
1.234860965008441e-11
1.3496651068775976e-11
1.4748540607182708e-11
1.61134057481808e-11
1.7601152285545166e-11
1.9222528601240417e-11
2.09891950738383e-11
2.29137990130979e-11
2.501005554500312e-11
2.7292834902876015e-11
2.9778256613745326e-11
3.2483791105057545e-11
3.542836929527168e-11
3.863250077301916e-11
4.2118401213536527e-11
4.591012972817062e-11
5.0033736893125175e-11
5.4517424257482185e-11
5.939171618811696e-11
6.468964497067561e-11
7.044695015158613e-11
7.670229317634443e-11
8.349748845443657e-11
9.08777520614503e-11
9.889196937460787e-11
1.075929825422529e-10
1.1703790268254731e-10
1.2728843817107982e-10
1.3841125776778417e-10
1.5047837335282085e-10
1.6356755444713406e-10
1.7776277318859222e-10
1.9315468247563278e-10
2.0984112965658794e-10
2.279277083064182e-10
2.475283508068942e-10
2.6876596463189233e-10
2.9177311543739076e-10
3.1669276026638024e-10
3.4367903440332907e-10
3.728980956517677e-10
4.045290300628662e-10
4.3876482341355907e-10
4.75813403020851e-10
5.158987547854178e-10
5.592621206835673e-10
6.061632822734835e-10
6.568819361502073e-10
7.117191676760156e-10
7.709990297293693e-10
8.350702336585753e-10
9.043079600954691e-10
9.791157977939694e-10
1.05992781916095e-9
1.1472108017576747e-9
1.2414666056037442e-9
1.343234716775102e-9
1.4530949684597066e-9
1.5716704513459674e-9
1.6996306259824644e-9
1.8376946505529716e-9
1.9866349383659674e-9
2.1472809602650156e-9
2.320523308128209e-9
2.5073180366446282e-9
2.7086913016364396e-9
2.9257443143411363e-9
3.1596586322817133e-9
3.4117018086390266e-9
3.6832334234025155e-9
3.9757115210178985e-9
4.2906994807785215e-9
4.629873347823709e-9
4.995029654320055e-9
5.388093762212614e-9
5.811128760851123e-9
6.266344954823916e-9
6.756109979292703e-9
7.282959583677491e-9
7.849609123117379e-9
8.458965805980958e-9
9.114141742127816e-9
9.818467843197957e-9
1.0575508627898824e-8
1.1389077988722849e-8
1.2263255979750095e-8
1.3202406688793554e-8
1.4211197260850295e-8
1.5294618143765314e-8
1.6458004631167602e-8
1.7707059782131774e-8
1.9047878801642755e-8
2.0486974970837078e-8
2.2031307221135516e-8
2.3688309451838608e-8
2.546592169647006e-8
2.7372623249224716e-8
2.9417467869228474e-8
3.161012118706617e-8
3.396090044509319e-8
3.648081671053066e-8
3.918161970820066e-8
4.207584542857381e-8
4.517686667185366e-8
4.849894670904419e-8
5.205729623224414e-8
5.5868133794984454e-8
5.994874994312142e-8
6.431757525177237e-8
6.899425249513031e-8
7.399971318848936e-8
7.935625875497833e-8
8.508764658331568e-8
9.12191812574581e-8
9.777781125429352e-8
1.047922314216344e-7
1.1229299156564188e-7
1.2031261149459587e-7
1.2888570288459384e-7
1.3804909835235107e-7
1.4784198814092094e-7
1.5830606484575526e-7
1.6948567663127838e-7
1.8142798941200902e-7
1.9418315849730938e-7
2.0780451022516126e-7
2.2234873413795548e-7
2.3787608628226282e-7
2.544506042449403e-7
2.7214033456981854e-7
2.910175732326575e-7
3.1115911988713913e-7
3.3264654663145805e-7
3.5556648208359617e-7
3.800109115938633e-7
4.060774944655699e-7
4.338698990991898e-7
4.6349815702185464e-7
4.950790368127561e-7
5.287364389861515e-7
5.646018129471014e-7
6.028145971910643e-7
6.435226839772283e-7
6.868829097666746e-7
7.33061572780885e-7
7.822349791033257e-7
8.345900188171436e-7
8.903247737457863e-7
9.496491584402961e-7
1.0127855961376176e-6
1.0799697314986623e-6
1.1514511820227495e-6
1.22749433012752e-6
1.30837915797943e-6
1.3944021272608156e-6
1.4858771061646569e-6
1.5831363460182045e-6
1.6865315100513705e-6
1.7964347569459903e-6
1.913239881927238e-6
2.03736351828942e-6
2.1692464023853474e-6
2.309354705250549e-6
2.45818143418363e-6
2.616247907758207e-6
2.7841053079058654e-6
2.9623363128769125e-6
3.1515568150646195e-6
3.352417727860864e-6
3.5656068859051293e-6
3.791851043288594e-6
4.031917974480442e-6
4.286618682975217e-6
4.556809722863699e-6
4.8433956387904195e-6
5.147331529993574e-6
5.469625744384975e-6
5.811342708895781e-6
6.1736059025914535e-6
6.557600979351932e-6
6.964579047215209e-6
7.395860111797389e-6
7.85283669153244e-6
8.33697761281439e-6
8.849831993483627e-6
9.393033423466468e-6
9.968304351765031e-6
0.000010577460689394268
0.000011222416638281235
0.000011905189756574634
0.000012627906271266331
0.0000133928066494933
0.000014202251440380172
0.000015058727399786435
0.000015964853910854696
0.0000169233897137998
0.00001793723995895416
0.000019009463597672604
0.00002014328112631882
0.000021342082699192732
0.00002260943662692489
0.00002394909827755231
0.000025365019398205666
0.00002686135787608603
0.000028442487958176533
0.00003011301094994095
0.00003187776641408917
0.000033741843891358534
0.000035710595166150476
0.00003778964710079736
0.00003998491506319667
0.00004230261697354899
0.00004474928792660172
0.00004733179583664554
0.000050057357169032664
0.00005293355371337721
0.00005596835053018067
0.00005917011401775428
0.00006254763117882808
0.00006611012967969446
0.00006986729881171234
0.00007382931139318449
0.00007800684665110113
0.00008241111412379316
0.0000870538786271152
0.00009194748632844418
0.00009710489197447567
0.0001025396873205747
0.00010826613081126892
0.0001142991785633509
0.00012065451670505613
0.0001273485951267491
0.00013439866270072663
0.00014182280402983487
0.00014963997778692816
0.0001578700567094344
0.0001665338693157813
0.00017565324341283997
0.00018525105146616897
0.00019535125790747735
0.0002059789684564554
0.0002171604815369818
0.00022892334187063422
0.00024129639633345358
0.0002543098521650625
0.0002679953376224382
0.00028238596517401554
0.0002975163973332045
0.0003134229152340204
0.00033014349005512574
0.00034771785740247475
0.00036618759476456694
0.00038559620215845023
0.00040598918608874515
0.0004274141469462573
0.0004499208699772321
0.00047356141995885605
0.000498390239721367
0.0005244642526619904
0.0005518429694009725
0.0005805885987351665
0.0006107661630499806
0.0006424436183560183
0.0006756919791223882
0.000710585448084668
0.0007472015512112886
0.000785621278018671
0.0008259292274315357
0.0008682137593916781
0.0009125671525324195
0.0009590857675009901
0.0010078702177187088
0.0010590255457508856
0.0011126614070503568
0.0011688922605637378
0.0012278375674808898
0.0012896219961045976
0.0013543756361246411
0.0014222342203459703
0.0014933393550431856
0.001567838759095889
0.001645886512214294
0.0017276433125743777
0.0018132767441922215
0.0019029615543774455
0.0019968799416168513
0.002095221854249935
0.0021981853003100733
0.0023059766689161793
0.0024188110636124143
0.0025369126480653406
0.002660515004541138
0.0027898615055984228
0.002925205699445539
0.0030668117094253856
0.003214954648104727
0.003369921046459829
0.003532009298665111
0.003701530123006655
0.0038788070394592767
0.004064176864480322
0.004257990223592291
0.004460612082341172
0.004672422296237136
0.004893816180300267
0.005125205098854807
0.005367017076231653
0.005619697429059797
0.005883709420854128
0.006159534939602985
0.006447675199121632
0.006748651464917862
0.007063005805362646
0.00739130186897374
0.007734125688644345
0.008092086513672277
0.008465817670470686
0.00885597745286571
0.009263250042911859
0.009688346463183495
0.010132005561526497
0.010594995029282116
0.011078112454024965
0.01158218640788292
0.012108077572540184
0.012656679902052234
0.013228921824634277
0.0138257674846161
0.014448218025789498
0.015097312917407147
0.015774131324126313
0.01647979352122727
0.017215462356469625
0.017982344759989215
0.0187816933036734
0.019614807811493697
0.02048303702231189
0.021387780306716613
0.022330489439490175
0.023312670429345077
0.024335885407614385
0.025401754577624638
0.02651195822652333
0.027668238801380876
0.02887240305143317
0.030126324238378886
0.031431944416696514
0.03279127678599383
0.03420640811745641
0.03567950125651341
0.03721279770389237
0.03880862027728979
0.04046937585594088
0.04219755821042853
0.043995750920130756
0.04586663038076461
0.04781296890454601
0.04983763791554994
0.051943611242912205
0.05413396851458799
0.05641189865444127
0.05878070348551066
0.061243801442366554
0.06380473139554137
0.06646715659109216
0.06923486870842364
0.07211179203957806
0.07510198779326718
0.07820965852702012
0.08143915271086331
0.08479496942607967
0.08828176320261953
0.09190434899888425
0.09566770732762199
0.09957698953181952
0.1036375232145384
0.10785481782672321
0.1122345704171291
0.11678267154859859
0.1215052113850018
0.12640848595327908
0.1314990035851
0.13678349154276978
0.14226890283411536
0.1479624232211837
0.15387147842770046
0.16000374155034636
0.16636714067901082
0.17296986673131043
0.1798203815067709
0.18692742596617826
0.19430002874174898
0.20194751488386714
0.20987951485027573
0.21810597374373503
0.22663716080428573
0.23548367916238874
0.24465647585934194
0.2541668521415317
0.2640264740351775
0.2742473832084096
0.28484200812763216
0.2958231755152909
0.3072041221163045
0.3189985067805567
0.33122042286903547
0.34388441099132167
0.35700547208230987
0.3705990808262047
0.3846811994359934
0.39926829179677337
0.41437733798146165
0.4300258491476104
0.4462318828242126
0.4630140585975587
0.48039157420540934
0.4983842220488808
0.5170124061317075
0.5362971594366306
0.556260161748965
0.5769237579375205
0.5983109767032492
0.6204455498062392
0.6433519317818766
0.6670553201571072
0.69158167617812
0.7169577460607988
0.743211082775648
0.770370068379038
0.7984639369028992
0.8275227978151309
0.8575776600633721
0.8886604567148159
0.92080407020521
0.954042358210214
0.9884101801527159
1.0239434243597645
1.0606790358832963
1.098655044998731
1.1379105963961618
1.1784859790787587
1.2204226569836238
1.2637633003402189
1.308551817782235
1.3548333892285311
1.4026544995494705
1.45206297303507
1.5031080086816817
1.5558402163142586
1.6103116535615576
1.66657586370188
1.724687914397323
1.7847044373347616
1.8466836687921833
1.9106854911492137
1.9767714753610115
2.0450049244151765
2.115450917791418
2.1881763569442074
2.263250011829081
2.3407425684932472
2.4207266777519307
2.503277004971939
2.588470280984414
2.6763853541490668
2.7671032435925875
2.8607071936442114
2.9572827294919164
3.056917714085707
3.159702406296331
3.2657295203927816
3.375094286812886
3.487894514289534
3.6042306533437913
3.7242058611733424
3.84792606796295
3.975500044643874
4.107039472129654
4.24265901205616
4.382476379054094
4.526612414582865
4.6751911623546585
4.828339945378701
4.986189444640309
5.148873779534485
5.3165305898665
5.489301119736909
5.667330303132261
5.850766851336598
6.03976334218328
6.234476311180203
6.435066344542517
6.641698174167075
6.854540774583587
7.073767461917578
7.299555994901419
7.532088677969667
7.771552466475349
8.018139074065294
8.272045082251799
8.533472052219862
8.802626638908363
9.079720707509923
9.364971451812904
9.658601515942227
9.960839117551354
10.271918173823005
10.592078430646069
10.921565592883624
11.260631458693071
11.609534055789414
11.96853778054335
12.337913539822269
12.71793889561871
13.108898212513838
13.511082808023124
13.924791105872131
14.350328792250858
14.788008975096359
15.2381523464529
15.701087347961074
16.177150339526037
16.666685771217868
17.170046358455757
17.687593260529752
18.219696262513853
18.766733960625036
19.329093951083777
19.907173022531637
20.501377352063233
21.112122704929796
21.739834637972237
22.38494870684302
23.047910677076572
23.729176739068084
24.429213727022503
25.148499341935025
25.887522378666187
26.646782957174842
27.426792757973306
28.22807526186897
29.051165994059815
29.896612772647902
30.764975961640904
31.656828728507847
32.57275730635886
33.51336126081839
34.47925376166361
35.47106185929665
36.4894267661278
37.53500414293628
38.608464390290145
39.710492945091865
40.84179058233414
42.003073722133635
43.19507474212851
44.41854229530995
45.67424163337538
46.96295493567434
48.285481643838
49.642638802163646
51.03526140384759
52.46420274314086
53.930334773519824
55.4345484719517
56.97775420934658
58.56088212727773
60.18488252106646
61.85072622931143
63.55940502996245
65.31193204302184
67.10934213997318
68.95269236002352
70.84306233326141
72.78155471081718
74.7692956021315
76.8074350194196
78.8971473294409
81.03963171266071
83.23611262991781
85.48784029668666
87.79609116505
90.16216841347259
92.58740244448953
95.0731513904152
97.62080162717054
100.23176829635112
102.90749583563053
105.6494585176208
108.4591609972922
111.33813886807485
114.28795922674207
117.31022124720808
120.40655676333492
123.57863086088855
126.82814247873849
130.15682501944394
133.5664469693238
137.05881252815658
140.63576224860591
144.29917368552498
148.05096205523614
151.8930809049402
155.8275227923563
159.85631997574586
163.98154511442948
168.20531197994703
172.52977617797518
176.9571358811567
181.48963257295244
186.12955180268094
190.87922395185234
195.74102501196856
200.7173773738935
205.81075062897668
211.0236623820281
216.35867907633252
221.81841683081143
227.40554228950745
233.12277348351887
238.97288070555456
244.95868739723213
251.08307104931092
257.3489641149647
263.7593549363038
270.3172886842471
277.0258683119552
283.88825552193794
290.9076717470365
298.08739914540155
305.4307816096812
312.94122579052487
320.6222021346331
328.4772459374543
336.5099584107698
344.7240077652622
353.12313030831723
361.71113155715784
370.49188736755576
379.46934507823147
388.64752467118905
398.0305199480945
407.6224997229487
417.4277090311759
427.45047035537453
437.69518486784455
448.166333690159
458.8684791698943
469.8062661747735
480.98442340436253
492.4077647195656
504.0811904900598
516.009688959914
528.1983376315723
540.6523046683884
553.3768503159619
566.3773283423991
579.659187497807
593.2279729931255
607.0893279986029
621.2489951620341
635.7128181470671
650.4867431916971
665.5768206872644
680.9892067780725
696.7301649819483
712.8060678318675
729.223398538964
745.9887526770544
763.108839889006
780.5904856150689
798.440632843514
816.666343883701
835.2748021619274
854.2733140401576
873.6693106580343
893.4703497982402
913.6841177756128
934.3184313501157
955.3812396640475
976.8806262035878
998.8248107851153
1021.2221515663301
1044.0811470826668
1067.4104383090373
1091.218810747356
1115.5151965399368
1140.3086766091837
1165.608482823674
1191.424000191091
1217.7647690780645
1244.6404874574018
1272.0610131827866
1300.0363662914008
1328.5767313345875
1357.6924597369666
1387.3940721841827
1417.6922610396532
1448.597892790525
1480.122010523227
1512.2758364287545
1545.0707743382168
1578.5184122886412
1612.6305251196477
1647.4190771010017
1682.896224591625
1719.074318730087
1755.9659081571835
1793.5837417705982
1831.9407715122916
1871.050155188572
1910.925259323559
1951.5796620459666
1993.0271560098702
2035.2817513495038
2078.3576786686785
2122.269392064856
2167.031572188543
2212.6591293379806
2259.167206589853
2306.5711829660195
2354.8866766367487
2404.129548160942
2454.3159037633636
2505.462098649636
2557.5847403589064
2610.700692155024
2664.8270764561094
2719.981278303309
2776.180948868741
2833.444009003315
2891.7886528244576
2951.2333513445237
3011.7968561398407
3073.49820306116
3136.3567159855547
3200.3920106104742
3265.623998289994
3332.0728899140686
3399.7591998306916
3468.7037498119203
3538.9276730635647
3610.452418279557
3683.2997537408273
3757.4917714596368
3833.0508913692383
3909.9998655598943
3988.3617825610263
4068.160071670511
4149.418507331036
4232.161213554429
4316.412668393949
4402.19770846536
4489.54153351689
4578.4697110488705
4669.008180983102
4761.183260382877
4855.021648223566
4950.550430214842
5047.797083674306
5146.789482453782
5247.5559019179145
5350.125023976318
5454.525942169044
5560.788166806595
5668.9416301641595
5779.01669173137
5891.044143517322
6005.055215412072
6121.081580604388
6239.1553610569945
6359.309133039112
6481.575932717517
6605.989261805875
6732.583093273675
6861.391877114495
6992.450546174943
7125.794522043919
7261.459721003742
7399.482560042562
7539.899962929795
7682.749366354048
7828.068726124945
7975.896523438716
8126.271771208888
8279.234020461654
8434.823366797742
8593.080456919966
8754.046495228366
8917.763250482638
9084.273062532584
9253.61884911789
9425.84411273654
9600.992947584004
9779.110046562264
9960.240708360887
10144.430844609067
10331.726987101083
10522.176295094003
10715.826562680004
10912.726226232257
11112.924371926742
11316.470743339007
11523.415749118034
11733.810470736515
11947.706670319489
12165.15679855081
12386.214002659377
12610.932134484408
12839.365758622062
13071.570160652454
13307.601355449364
13547.516095571775
13791.371879739734
14039.226961393173
14291.140357336793
14547.171856469256
14807.382028600046
15071.832233351899
15340.584629152652
15613.702182314219
15891.248676202255
16173.288720494791
16459.88776053293
16751.112086762223
17047.028844267694
17347.70604240107
17653.212564503305
17963.61817772104
18278.99354291994
18599.410224693536
18924.940701470976
19255.658375721534
19591.637584259886
19932.95360865016
20279.682685712112
20631.90201812799
20989.689785153365
21353.125153430236
21722.28828790614
22097.26036285736
22478.123573019526
22864.961144824894
23257.85734774825
23656.897505761684
24062.16800889999
24473.756324936436
24891.751011171615
25316.241726334174
25747.319242596954
26185.075457706786
26629.603407231658
27080.997276923677
27539.352415201683
28004.765345751166
28477.333780246187
28957.15663119098
29444.334024885182
29938.967314493144
30441.159093328508
30951.013208086362
31468.634772376856
31994.130180326425
32527.60712019952
33069.17458839644
33618.942903339674
34177.023719613084
34743.53004220926
35318.5762409135
35902.27806482181
36494.75265699763
37096.11856926509
37706.495777143486
38326.005694920976
38954.77119087129
39592.9166026125
40240.567752612034
40897.85196383483
41564.89807554169
42241.8364592324
42928.79903474202
43625.919286484954
44333.33227985403
45051.17467777067
45779.584757392724
46518.70242697577
47268.66924289491
48029.62842682346
48801.72488307414
49585.10521610023
50379.917748162035
51186.3125371568
52004.4413946161
52834.457903869625
53676.51743838015
54530.77718024703
55397.39613888459
56276.53516987133
57168.356993978305
58073.026216370185
58990.709345988835
59921.57481511384
60865.79299910736
61823.53623634003
62794.97884830419
63780.29715991082
64779.66951997857
65793.27632190863
66821.30002455536
67863.92517328638
68921.33842124153
69993.72855078548
71081.28649516165
72184.20536034435
73302.68044709488
74436.90927322021
75587.0915960393
76753.42943505474
77936.1270948367
79135.39118811549
80351.43065909058
81584.45680695129
82834.6833096191
84102.32624770387
85387.60412868694
86690.73791132185
88011.9510302647
89351.4694209294
90709.52154457124
92086.33841360504
93482.15361715286
94897.20334683092
96331.72642277034
97785.96431988126
99260.16119435543
100754.56391041687
102269.42206731415
103804.98802656643
105361.5169394551
106939.26677477297
108538.49834682551
110159.47534369276
111802.46435574732
113467.73490444002
115155.5594713447
116866.21352747541
118599.97556286804
120357.12711643963
122137.95280611668
123942.74035924493
125771.78064327575
127625.3676967366
129503.79876048394
131407.374309247
133336.3980834568
135291.1771213719
137272.02179149605
139279.24582529743
141313.16635022277
143374.1039230228
145462.38256337508
147578.32978782378
149722.27664402427
151894.5577453087
154095.51130556213
156325.47917442798
158584.80687282534
160873.84362880536
163192.94241372487
165542.45997876258
167922.75689176162
170334.19757441946
172777.1503398092
175251.98743025732
177759.08505555667
180298.823431543
182871.58681901314
185477.76356301396
188117.74613247823
190791.93116023886
193500.71948339566
196244.51618406884
199023.7306305112
201838.776518611
204690.07191376665
207578.03929315347
210503.10558837073
213465.70222849038
216466.26518349024
219505.2350080972
222583.05688602297
225700.18067461584
228857.06094991328
232054.15705211888
235291.93313148586
238570.85819463237
241891.4061512789
245254.05586140873
248659.2911828745
252107.60101943073
255599.47936921733
259135.4253736785
262715.94336694386
266341.5429256499
270012.7389192347
273730.0515606779
277494.0064577258
281305.1346645704
285163.97273401817
289071.06277012586
293026.95248133404
297032.195234075
301087.3501068884
305192.9819450197
309349.661415539
313557.9650629473
317818.4753653116
322131.7807909046
326498.4758553761
330919.1611794388
335394.44354709855
339924.9359644095
344511.2577187771
349154.03443880274
353853.8981546873
358611.4873591767
363427.44706908864
368302.4288873851
373237.09106583666
378232.098568246
383288.12313427054
388405.8433438189
393585.944682054
398829.11960498145
404136.06760565983
409507.4952809995
414944.11639920494
420446.6519678062
426015.8303023528
431652.3870957073
437357.0654880104
443130.6161372619
448973.79729057685
454887.3748560815
460872.1224754875
466928.8215973208
473058.26155084133
479261.2396206332
485538.5611218935
491891.0394764025
498319.49628921546
504824.7614260405
511407.6730913509
518069.0779071999
524809.8309927848
531630.7960447248
538532.8454180976
545516.860208212
552583.7303331498
559734.3546170508
566969.6408741954
574290.5059938303
581697.8760258149
589192.6862670257
596775.8813485871
604448.4153238925
612211.2517574382
620065.3638144982
628011.7343516009
636051.3560078697
644185.2312971833
652414.3727012159
660739.8027633075
669162.5541832385
677683.6699128416
686304.2032525388
695025.217948737
703847.7882921548
712772.9992170306
721801.946401283
730935.7363675621
740175.486585271
749522.3255734993
758977.3930049487
768541.8398107757
778216.82828645
788003.5321985577
797903.1368926242
807916.8394019045
818045.8485572186
828291.3850977678
838654.6817830107
849136.9835055454
859739.5474050706
870463.6429833743
881310.552220409
892281.5696914279
903378.0026852451
914601.1713234748
925952.4086810849
937433.0609078666
949044.4873511404
960788.0606795629
972665.1670080976
984677.2060241326
996825.5911147879
1.009111749495373e6
1.0215371223390753e6
1.0341031649078134e6
1.0468113466843395e6
1.0596631515055357e6
1.0726600776969825e6
1.0858036382087383e6
1.0990953607524207e6
1.1125367879395126e6
1.1261294774210108e6
1.1398750020283076e6
1.15377494991544e6
1.1678309247026108e6
1.1820445456210831e6
1.1964174476593828e6
1.210951281710901e6
1.2256477147228222e6
1.2405084298464756e6
1.2555351265890545e6
1.2707295209667697e6
1.2860933456593982e6
1.3016283501662982e6
1.3173363009638423e6
1.3332189816643507e6
1.349278193176456e6
1.3655157538670097e6
1.3819334997244393e6
1.3985332845236761e6
1.4153169799925822e6
1.4322864759799165e6
1.4494436806249137e6
1.4667905205283703e6
1.4843289409253856e6
1.5020609058596478e6
1.5199883983594112e6
1.5381134206150298e6
1.5564379941582098e6
1.5749641600428866e6
1.5936939790278138e6
1.612629531760811e6
1.6317729189647771e6
1.6511262616253742e6
1.6706917011805247e6
1.6904713997115898e6
1.710467540136199e6
1.730682326403882e6
1.7511179836913974e6
1.7717767586020096e6
1.792660919365593e6
1.813772756040736e6
1.8351145807188074e6
1.8566887277298511e6
1.87849755385045e6
1.9005434385134715e6
1.9228287840198325e6
1.9453560157521523e6
1.9681275823904793e6
1.991145956129937e6
2.0144136329004902e6
2.0379331325886578e6
2.061706999261374e6
2.0857378013918689e6
2.110028132087708e6
2.1345806093208836e6
2.1593978761601322e6
2.1844826010053214e6
2.209837477824119e6
2.235465226390755e6
2.261368592527115e6
2.287550348345979e6
2.3140132924966128e6
2.3407602504125456e6
2.3677940745617864e6
2.395117644699209e6
2.4227338681214433e6
2.4506456799239996e6
2.478856043260924e6
2.507367949606717e6
2.5361844190208525e6
2.565308500414611e6
2.5947432718205126e6
2.6244918406641684e6
2.654557344038742e6
2.68494294898189e6
2.7156518527553496e6
2.7466872831270564e6
2.7780524986559856e6
2.8097507889795154e6
2.8417854751036055e6
2.874159909695549e6
2.9068774773795647e6
2.939941595035022e6
2.9733557120975787e6
3.007123310862959e6
3.041247906793738e6
3.075733048828827e6
3.1105823196937027e6
3.1457993362245094e6
3.1813877496734066e6
3.217351246041061e6
3.253693546387888e6
3.2904184071773547e6
3.327529620595739e6
3.3650310148881245e6
3.4029264546948094e6
3.441219841390981e6
3.4799151134294025e6
3.5190162466864423e6
3.558527254811178e6
3.5984521895778836e6
3.6387951412416813e6
3.679560238897612e6
3.7207516508429325e6
3.7623735849429173e6
3.804430288999905e6
3.846926051125971e6
3.8898652001188765e6
3.9332521058416753e6
3.9770911796057313e6
4.021386874557412e6
4.0661436860682587e6
4.111366152128932e6
4.157058853746647e6
4.203226415346569e6
4.24987350517657e6
4.2970048357161395e6
4.344625164088826e6
4.392739292478691e6
4.441352068550496e6
4.4904683858739585e6
4.540093184351744e6
4.590231450651704e6
4.640888218642879e6
4.692068569835781e6
4.743777633826561e6
4.796020588745535e6
4.848802661709666e6
4.902129129279453e6
4.956005317919868e6
5.010436604465824e6
5.065428416591711e6
5.120986233285541e6
5.177115585327313e6
5.233822055771992e6
5.291111280436817e6
5.34898894839331e6
5.407460802463717e6
5.466532639722211e6
5.526210312000559e6
5.586499726398768e6
5.6474068458001865e6
5.708937689391662e6
5.771098333188304e6
5.833894910563365e6
5.897333612782795e6
5.961420689544788e6
6.026162449525359e6
6.091565260926651e6
6.157635552032767e6
6.224379811769595e6
6.291804590269959e6
6.359916499444214e6
6.428722213555936e6
6.4982284698032085e6
6.568442068905105e6
6.639369875693574e6
6.711018819711281e6
6.783395895814425e6
6.856508164781556e6
6.930362753927845e6
7.004966857725232e6
7.080327738428201e6
7.15645272670548e6
7.233349222277489e6
7.311024694559931e6
7.389486683313079e6
7.468742799297396e6
7.548800724934987e6
7.629668214977455e6
7.7113530971797e6
7.793863272980277e6
7.877206718187772e6
7.961391483673845e6
8.046425696072481e6
8.132317558485959e6
8.219075351197146e6
8.306707432388657e6
8.395222238868523e6
8.48462828680271e6
8.57493417245433e6
8.666148572929926e6
8.75828024693244e6
8.851338035521448e6
8.945330862880165e6
9.040267737089936e6
9.136157750911513e6
9.23301008257405e6
9.330833996570984e6
9.429638844463684e6
9.529434065692298e6
9.630229188394371e6
9.732033830230802e6
9.834857699219804e6
9.938710594578264e6
1.004360240757058e7
1.0149543122368507e7
1.0256542816912424e7
1.036461166378712e7
1.0473759931102717e7
1.058399798338405e7
1.069533628246863e7
1.0807785388412718e7
1.0921355960406013e7
1.1036058757694677e7
1.1151904640513085e7
1.1268904571024036e7
1.1387069614268001e7
1.1506410939120797e7
1.1626939819260612e7
1.1748667634143537e7
1.1871605869988631e7
1.1995766120771667e7
1.212116008922864e7
1.224779958786802e7
1.2375696539992975e7
1.2504862980732528e7
1.2635311058082916e7
1.2767053033957936e7
1.290010128524975e7
1.3034468304898895e7
1.317016670297478e7
1.3307209207765758e7
1.344560866687976e7
1.3585378048354717e7
1.3726530441779712e7
1.3869079059426257e7
1.401303723739007e7
1.4158418436743772e7
1.4305236244699877e7
1.4453504375784906e7
1.4603236673024189e7
1.4754447109137893e7
1.4907149787747804e7
1.5061358944595862e7
1.5217088948773313e7
1.5374354303962009e7
1.5533169649686597e7
1.5693549762578845e7
1.5855509557653282e7
1.6019064089595046e7
1.61842285540594e7
1.6351018288983634e7
1.6519448775910642e7
1.668953564132551e7
1.6861294658003718e7
1.7034741746372588e7
1.720989297588473e7
1.738676456640488e7
1.75653728896089e7
1.7745734470396582e7
1.79278659883167e7
1.811178427900613e7
1.8297506335641544e7
1.8485049310405366e7
1.8674430515964504e7
1.8865667426963698e7
1.9058777681531858e7
1.9253779082801238e7
1.9450689600449722e7
1.964952737223859e7
1.9850310705583405e7
2.005305807913051e7
2.0257788144349255e7
2.0464519727139838e7
2.06732718294552e7
2.088406363093892e7
2.109691449057732e7
2.1311843948367935e7
2.152887172700242e7
2.1748017733566083e7
2.1969302061252274e7
2.2192744991094217e7
2.2418366993708387e7
2.2646188731062762e7
2.2876231058252383e7
2.310851502529655e7
2.334306187895086e7
2.3579893064537216e7
2.381903022778948e7
2.4060495216717657e7
2.4304310083487984e7
2.455049708632171e7
2.479907869141058e7
2.5050077574850705e7
2.5303511552779812e7
2.5559418942417458e7
2.5817807845912114e7
2.6078706870488495e7
2.6342139771401856e7
2.660813052579625e7
2.6876703334766895e7
2.7147882625442486e7
2.742169305308595e7
2.7698159503215577e7
2.7977307093745228e7
2.8259161177144315e7
2.8543747342618667e7
2.883109141831039e7
2.9121219473519336e7
2.9414157820944156e7
2.970993301894514e7
3.0008571873826873e7
3.0310101442143477e7
3.0614549033023745e7
3.0921942210519113e7
3.123230879597258e7
3.154567687041021e7
3.1862074776953943e7
3.218153112325815e7
3.2504074783967115e7
3.282973490319703e7
3.3158540897039387e7
3.3490522456089143e7
3.3825709547994785e7
3.416413242003355e7
3.4505821601709194e7
3.485080790737504e7
3.5199122438880146e7
3.555079658824133e7
3.5905862040338606e7
3.626435077563709e7
3.662629507293247e7
3.699172751212373e7
3.736068097700998e7
3.773318865811447e7
3.810928405553379e7
3.848900098181451e7
3.8872373564855285e7
3.925943625083734e7
3.965022380718046e7
4.004477132552814e7
4.044311422475873e7
4.084528825402603e7
4.1251329495826654e7
4.166127436909735e7
4.2075159632339396e7
4.2493022352833286e7
4.291490004485514e7
4.3340830471454896e7
4.377085178123256e7
4.420500247841969e7
4.464332142618187e7
4.508584784995364e7
4.553262134080195e7
4.598368185882331e7
4.643906973657014e7
4.689882568251075e7
4.73629907845199e7
4.783160651340325e7
4.830471472645274e7
4.878235767103676e7
4.9264577988221735e7
4.975141871642924e7
5.024292333598123e7
5.073913560925641e7
5.124009982992939e7
5.1745860663079716e7
5.2256463189936124e7
5.277195291174227e7
5.329237575365542e7
5.381777806868412e7
5.4348206641659595e7
5.488370869324629e7
5.5424331883988306e7
5.597012431839324e7
5.652113454905505e7
5.707741158081358e7
5.763900487495431e7
5.820596435344512e7
5.877834040321448e7
5.9356183880467094e7
5.993954611504186e7
6.052847891480767e7
6.112303457010248e7
6.1723265858211555e7
6.2329226047888376e7
6.294096890391685e7
6.35585486917165e7
6.4182020181989074e7
6.48114386554101e7
6.544685990736146e7
6.6088340252710864e7
6.673593653063242e7
6.738970610947467e7
6.804970689167152e7
6.871599731870072e7
6.938863637608586e7
7.006768359844787e7
7.075319907460338e7
7.144524345269576e7
7.214387794540684e7
7.284916433518326e7
7.356116497952686e7
7.427994281633358e7
7.500556136927798e7
7.573808475325188e7
7.647757767984936e7
7.722410546290635e7
7.797773402408788e7
7.873852989853054e7
7.950656024053454e7
8.028189282931036e7
8.10645960747772e7
8.185473902341661e7
8.26523913641788e7
8.345762343444556e7
8.427050622604625e7
8.50911113913316e7
8.591951124930203e7
8.675577879179461e7
8.759998768972516e7
8.845221229939055e7
8.931252766882697e7
9.018100954422963e7
9.105773437642956e7
9.194277932743242e7
9.283622227701616e7
9.373814182939175e7
9.464861731992319e7
9.556772882191268e7
9.649555715344556e7
9.743218388430165e7
9.83776913429279e7
9.933216262347841e7
1.0029568159291653e8
1.0126833289818633e8
1.022502019734466e8
1.0324137504737598e8
1.0424193915054198e8
1.0525198212284152e8