0.001
0.0010023052380778994
0.0010046157902783945
0.0010069316688518044
0.0010092528860766844
0.0010115794542598982
0.0010139113857366789
0.001016248692870696
0.001018591388054117
0.0010209394837076798
0.0010232929922807535
0.0010256519262514079
0.0010280162981264735
0.001030386120441616
0.001032761405761397
0.0010351421666793441
0.0010375284158180126
0.001039920165829059
0.0010423174293933035
0.0010447202192208004
0.0010471285480508996
0.001049542428652322
0.0010519618738232225
0.0010543868963912592
0.0010568175092136585
0.0010592537251772887
0.001061695557198724
0.0010641430182243164
0.001066596121230258
0.0010690548792226576
0.001071519305237606
0.0010739894123412452
0.001076465213629835
0.0010789467222298286
0.0010814339512979375
0.0010839269140212038
0.0010864256236170656
0.0010889300933334333
0.001091440336448756
0.0010939563662720941
0.0010964781961431851
0.0010990058394325208
0.0011015393095414145
0.0011040786199020736
0.0011066237839776664
0.0011091748152624009
0.0011117317272815908
0.0011142945335917303
0.001116863247780561
0.0011194378834671515
0.001122018454301963
0.0011246049739669268
0.0011271974561755105
0.0011297959146727976
0.0011324003632355566
0.0011350108156723154
0.0011376272858234309
0.0011402497875611685
0.0011428783347897712
0.0011455129414455361
0.0011481536214968829
0.0011508003889444357
0.0011534532578210918
0.0011561122421920992
0.0011587773561551262
0.0011614486138403425
0.0011641260294104909
0.001166809617060963
0.001169499391019871
0.0011721953655481304
0.001174897554939529
0.0011776059735208067
0.0011803206356517286
0.0011830415557251646
0.0011857687481671595
0.0011885022274370177
0.0011912420080273738
0.0011939881044642732
0.0011967405313072432
0.0011994993031493781
0.001202264434617412
0.0012050359403717973
0.0012078138351067798
0.0012105981335504817
0.0012133888504649761
0.001216186000646368
0.001218989598924866
0.001221799660164871
0.0012246161992650476
0.0012274392311584072
0.0012302687708123812
0.0012331048332289082
0.0012359474334445095
0.001238796586530369
0.0012416523075924107
0.0012445146117713844
0.001247383514242942
0.0012502590302177201
0.0012531411749414157
0.0012560299636948742
0.0012589254117941662
0.0012618275345906706
0.0012647363474711508
0.001267651865857845
0.0012705741052085407
0.0012735030810166615
0.0012764388088113434
0.001279381304157524
0.0012823305826560206
0.0012852866599436154
0.0012882495516931337
0.0012912192736135334
0.001294195841449985
0.0012971792709839558
0.00130016957803329
0.0013031667784522986
0.0013061708881318404
0.001309181922999407
0.0013121998990192028
0.0013152248321922377
0.001318256738556406
0.001321295634186575
0.0013243415351946643
0.0013273944577297388
0.00133045441797809
0.001333521432163324
0.0013365955165464418
0.0013396766874259345
0.0013427649611378629
0.0013458603540559483
0.0013489628825916532
0.0013520725631942765
0.001355189412351035
0.001358313446587154
0.0013614446824659497
0.001364583136588924
0.0013677288255958481
0.0013708817661648536
0.0013740419750125148
0.001377209468893946
0.0013803842646028853
0.001383566378971781
0.0013867558288718882
0.001389952631213354
0.0013931568029453036
0.0013963683610559376
0.0013995873225726178
0.0014028137045619588
0.0014060475241299143
0.0014092887984218747
0.001412537544622754
0.0014157937799570825
0.0014190575216890926
0.0014223287871228199
0.001425607593602188
0.0014288939585111037
0.001432187899273544
0.001435489433353656
0.0014387985782558451
0.0014421153515248696
0.001445439770745928
0.0014487718535447617
0.001452111617587742
0.001455459080581967
0.001458814260275349
0.0014621771744567182
0.0014655478409559112
0.0014689262776438677
0.0014723125024327193
0.0014757065332758946
0.0014791083881682072
0.0014825180851459545
0.0014859356422870075
0.0014893610777109154
0.001492794409578996
0.0014962356560944343
0.0014996848355023741
0.0015031419660900224
0.0015066070661867417
0.0015100801541641493
0.0015135612484362087
0.0015170503674593369
0.0015205475297324954
0.0015240527537972923
0.0015275660582380732
0.0015310874616820303
0.0015346169827992941
0.0015381546403030358
0.00154170045294956
0.0015452544395384142
0.0015488166189124811
0.0015523870099580833
0.001555965631605075
0.0015595525028269538
0.0015631476426409539
0.00156675107010815
0.0015703628043335532
0.0015739828644662198
0.0015776112696993484
0.0015812480392703842
0.001584893192461114
0.001588546748597779
0.00159220872705117
0.0015958791472367338
0.0015995580286146695
0.0016032453906900418
0.0016069412530128771
0.0016106456351782715
0.001614358556826487
0.0016180800376430662
0.0016218100973589297
0.0016255487557504833
0.0016292960326397214
0.0016330519478943346
0.0016368165214278084
0.0016405897731995387
0.0016443717232149306
0.0016481623915255085
0.001651961798229015
0.0016557699634695275
0.0016595869074375598
0.0016634126503701698
0.0016672472125510626
0.001671090614310707
0.0016749428760264365
0.0016788040181225606
0.0016826740610704674
0.0016865530253887405
0.0016904409316432633
0.0016943378004473288
0.0016982436524617442
0.0017021585083949501
0.0017060823890031225
0.001710015315090288
0.0017139573075084253
0.0017179083871575877
0.0017218685749860062
0.001725837891990204
0.0017298163592151016
0.0017338039977541375
0.0017378008287493745
0.0017418068733916145
0.001745822152920504
0.0017498466886246564
0.0017538805018417602
0.0017579236139586931
0.0017619760464116293
0.001766037820686164
0.0017701089583174203
0.0017741894808901662
0.0017782794100389228
0.001782378767448089
0.0017864875748520499
0.0017906058540352948
0.0017947336268325266
0.0017988709151287874
0.001803017740859568
0.0018071741260109275
0.0018113400926196026
0.0018155156627731352
0.0018197008586099826
0.0018238957023196385
0.0018281002161427428
0.0018323144223712112
0.0018365383433483456
0.0018407720014689563
0.0018450154191794737
0.0018492686189780778
0.0018535316234148105
0.001857804455091699
0.0018620871366628676
0.0018663796908346695
0.0018706821403657997
0.0018749945080674191
0.0018793168168032685
0.0018836490894898002
0.0018879913490962926
0.001892343618644976
0.0018967059212111465
0.0019010782799232997
0.0019054607179632482
0.0019098532585662387
0.001914255925021086
0.001918668740670291
0.0019230917289101595
0.0019275249131909366
0.001931968317016924
0.0019364219639466088
0.0019408858775927793
0.0019453600816226634
0.0019498445997580456
0.0019543394557753964
0.001958844673505991
0.0019633602768360475
0.001967886289706845
0.0019724227361148554
0.001976969640111862
0.001981527025805099
0.001986094917357372
0.0019906733389871882
0.0019952623149688807
0.0019998618696327446
0.0020044720273651616
0.00200909281260873
0.0020137242498623896
0.0020183663636815616
0.002023019178678272
0.002027682719521284
0.002032357010936223
0.0020370420777057192
0.0020417379446695297
0.002046444636724676
0.002051162178825567
0.0020558905959841426
0.0020606299132700004
0.002065380155810531
0.0020701413487910435
0.002074913517454911
0.002079696687103696
0.0020844908830972906
0.0020892961308540407
0.0020941124558508935
0.0020989398836235244
0.0021037784397664773
0.002108628149933291
0.0021134890398366475
0.002118361135248502
0.0021232444620002213
0.0021281390459827135
0.002133044913146577
0.0021379620895022326
0.0021428906011200606
0.0021478304741305355
0.0021527817347243737
0.0021577444091526667
0.0021627185237270224
0.0021677041048196962
0.0021727011788637454
0.002177709772353159
0.0021827299118430035
0.0021877616239495542
0.0021928049353504495
0.0021978598727848252
0.0022029264630534584
0.0022080047330189016
0.0022130947096056387
0.0022181964198002193
0.002223309890651405
0.0022284351492703053
0.0022335722228305327
0.00223872113856834
0.002243881923782766
0.0022490546058357803
0.0022542392121524305
0.0022594357702209783
0.0022646443075930596
0.002269864851883821
0.0022750974307720715
0.0022803420720004185
0.00228559880337543
0.0022908676527677724
0.0022961486481123633
0.002301441817408509
0.002306747188720069
0.002312064790175594
0.0023173946499684796
0.0023227367963571076
0.002328091257665008
0.002333458062281002
0.002338837238659356
0.0023442288153199225
0.0023496328208483072
0.002355049283896009
0.002360478233180578
0.002365919697485759
0.0023713737056616554
0.002376840286624876
0.0023823194693586916
0.0023878112829131782
0.0023933157564053876
0.00239883291901949
0.0024043628000069346
0.0024099054286865957
0.0024154608344449406
0.0024210290467361778
0.002426610095082417
0.002432204009073816
0.0024378108183687524
0.0024434305526939712
0.002449063241844747
0.002454708915685031
0.0024603676041476275
0.0024660393372343387
0.0024717241450161317
0.002477422057633286
0.0024831331052955702
0.00248885731828239
0.002494594726942956
0.002500345361696432
0.0025061092530321138
0.0025118864315095794
0.002517676927758857
0.0025234807724805754
0.0025292979964461446
0.002535128630497907
0.0025409727055493063
0.002546830252585042
0.002552701302661247
0.0025585858869056452
0.0025644840365177187
0.0025703957827688645
0.0025763211570025753
0.0025822601906345956
0.002588212915153093
0.002594179362118815
0.002600159563165272
0.002606153549998895
0.002612161354399208
0.0026181830082189863
0.002624218543384442
0.0026302679918953813
0.0026363313858253786
0.002642408757321945
0.002648500138606701
0.002654605561975539
0.0026607250597988083
0.002666858664521478
0.0026730064086633114
0.0026791683248190315
0.0026853444456585063
0.002691534803926914
0.0026977394324449204
0.0027039583641088436
0.0027101916318908416
0.002716439268839081
0.0027227013080779127
0.0027289777828080407
0.0027352687263067113
0.002741574171927881
0.0027478941531023974
0.002754228703338166
0.002760577856220345
0.00276694164541151
0.002773320104651841
0.0027797132677592883
0.0027861211686297693
0.0027925438412373365
0.002798981319634363
0.002805433637951713
0.0028119008303989393
0.002818382931264452
0.0028248799749157074
0.0028313919957993787
0.002837919028441555
0.002844461107447914
0.00285101826750391
0.0028575905433749467
0.00286417796990658
0.002870780582024689
0.0028773984147356696
0.0028840315031266055
0.0028906798823654747
0.0028973435877013213
0.002904022654464451
0.0029107171180666053
0.002917427014001166
0.0029241523778433336
0.0029308932452503213
0.0029376496519615304
0.0029444216337987605
0.0029512092266663842
0.0029580124665515464
0.0029648313895243423
0.0029716660317380254
0.002978516429429188
0.0029853826189179603
0.002992264636608189
0.0029991625189876503
0.0030060763026282292
0.003013006024186122
0.003019951720402016
0.003026913428101305
0.0030338911841942687
0.00304088502567628
0.003047894989627983
0.0030549211132155124
0.0030619634336906754
0.0030690219883911583
0.003076096814740708
0.0030831879502493534
0.003090295432513592
0.003097419299216581
0.0031045595881283557
0.00311171633710602
0.0031188895840939387
0.0031260793671239557
0.003133285724315586
0.0031405086938762197
0.0031477483141013176
0.0031550046233746274
0.0031622776601683794
0.0031695674630434936
0.003176874070649772
0.0031841975217261256
0.0031915378551007614
0.0031988951096914007
0.0032062693245054675
0.0032136605386403182
0.0032210687912834347
0.003228494121712638
0.003235936569296284
0.0032433961734934934
0.0032508729738543437
0.00325836701002009
0.00326587832172336
0.003273406948788383
0.0032809529311311906
0.0032885163087598332
0.0032960971217745796
0.003303695410368149
0.003311311214825911
0.0033189445755261067
0.003326595532940047
0.0033342641276323504
0.0033419504002611426
0.0033496543915782794
0.0033573761424295486
0.0033651156937549082
0.003372873086588689
0.0033806483620598187
0.0033884415613920273
0.0033962527259040853
0.003404081897010009
0.0034119291162192883
0.0034197944251370903
0.003427677865464505
0.0034355794789987463
0.0034434993076333876
0.0034514373933585644
0.0034593937782612205
0.0034673685045253167
0.003475361614432061
0.00348337315036012
0.0034914031547858626
0.003499451670283573
0.003507518739525683
0.0035156044052829833
0.0035237087104248725
0.00353183169791957
0.00353997341083435
0.0035481338923357567
0.0035563131856898547
0.0035645113342624426
0.003572728381519292
0.0035809643710263623
0.0035892193464500534
0.0035974933515574236
0.0036057864302164273
0.003614098626396135
0.0036224299841669874
0.003630780547701014
0.0036391503612720707
0.0036475394692560767
0.0036559479161312504
0.0036643757464783332
0.003672823004980846
0.003681289736425313
0.0036897759857015045
0.003698281797802663
0.0037068072178257595
0.003715352290971724
0.0037239170625456867
0.0037325015779572064
0.003741105882720533
0.0037497300224548337
0.003758374042884443
0.003767037989839089
0.00377572190925416
0.0037844258471709316
0.003793149849736821
0.0038018939632056127
0.00381065823393773
0.0038194427084004643
0.003828247433168228
0.003837072454922788
0.0038459178204535353
0.003854783576657717
0.0038636697705406934
0.003872576449216173
0.0038815036599064824
0.003890451449942805
0.003899419866765436
0.003908408957924021
0.003917418771077831
0.003926449353995997
0.003935500754557776
0.003944573020752785
0.003953666200681279
0.003962780342554394
0.003971915494694405
0.003981071705534973
0.00399024902362142
0.003999447497610974
0.00400866717627303
0.0040179081084894
0.004027170343254591
0.0040364539296760486
0.004045758916974429
0.004055085354483839
0.004064433291652128
0.004073802778041126
0.0040831938633269236
0.00409260659730011
0.004102041029866068
0.004111497211045221
0.004120975190973304
0.004130475019901615
0.004139996748197304
0.004149540426343628
0.004159106104940223
0.004168693834703355
0.004178303666466218
0.004187935651179182
0.004197589839910077
0.004207266283844442
0.004216965034285823
0.004226686142656029
0.0042364296604954135
0.00424619563946313
0.0042559841313374305
0.004265795188015926
0.00427562886151586
0.004285485203974392
0.004295364267648873
0.004305266104917106
0.00431519076827765
0.004325138310350083
0.004335108783875289
0.004345102241715714
0.004355118736855684
0.004365158322401657
0.004375221051582521
0.004385306977749856
0.004395416154378243
0.00440554863506553
0.004415704473533125
0.004425883723626264
0.004436086439314323
0.004446312674691083
0.004456562483975033
0.0044668359215096305
0.004477133041763623
0.004487453899331318
0.00449779854893288
0.0045081670454146005
0.0045185594437492215
0.004528975799036205
0.004539416166502032
0.004549880601500485
0.00456036915951296
0.004570881896148747
0.004581418867145335
0.004591980128368685
0.004602565735813558
0.004613175745603791
0.004623810213992603
0.004634469197362879
0.004645152752227493
0.004655860935229586
0.0046665938031428865
0.004677351412871981
0.00468813382145265
0.004698941086052151
0.004709773263969529
0.004720630412635905
0.0047315125896148025
0.004742419852602443
0.0047533522594280534
0.004764309868054156
0.004775292736576907
0.00478630092322638
0.0047973344863668915
0.0048083934844972845
0.004819477976251272
0.004830588020397724
0.004841723675840994
0.00485288500162121
0.004864072056914614
0.00487528490103386
0.004886523593428336
0.004897788193684461
0.004909078761526029
0.004920395356814506
0.004931738039549359
0.004943106869868354
0.004954501908047901
0.0049659232145033575
0.0049773708497893605
0.004988844874600122
0.005000345349769783
0.005011872336272725
0.005023425895223871
0.005035006087879048
0.005046612975635287
0.0050582466200311425
0.005069907082747045
0.005081594425605605
0.0050933087105719576
0.005105049999754065
0.005116818355403078
0.005128613839913648
0.005140436515824264
0.005152286445817567
0.005164163692720711
0.005176068319505676
0.005188000389289615
0.005199959965335162
0.0052119471110508055
0.005223961889991197
0.0052360043658575064
0.005248074602497728
0.005260172663907063
0.005272298614228227
0.005284452517751808
0.005296634438916581
0.005308844442309885
0.005321082592667942
0.005333348954876214
0.0053456435939697195
0.005357966575133417
0.005370317963702527
0.005382697825162887
0.005395106225151279
0.005407543229455809
0.005420008904016238
0.005432503314924336
0.0054450265284242145
0.00545757861091271
0.005470159628939716
0.005482769649208541
0.005495408738576248
0.005508076964054035
0.005520774392807574
0.005533501092157371
0.00554625712957911
0.005559042572704037
0.005571857489319298
0.005584701947368312
0.0055975760149511045
0.005610479760324707
0.005623413251903491
0.005636376558259549
0.005649369748123028
0.005662392890382535
0.005675446054085471
0.005688529308438419
0.005701642722807478
0.005714786366718672
0.0057279603098582925
0.00574116462207328
0.005754399373371573
0.005767664633922509
0.0057809604740571814
0.005794286964268815
0.005807644175213123
0.005821032177708716
0.005834451042737447
0.005847900841444812
0.005861381645140291
0.005874893525297769
0.00588843655355589
0.005902010801718442
0.005915616341754737
0.0059292532458
0.005942921586155727
0.005956621435290103
0.005970352865838366
0.0059841159506031985
0.005997910762555094
0.006011737374832779
0.006025595860743574
0.0060394862937638
0.006053408747539136
0.006067363295885053
0.006081350012787176
0.006095368972401693
0.0061094202490557204
0.006123503917247733
0.006137620051647939
0.0061517687270986835
0.006165950018614822
0.006180164001384158
0.006194410750767812
0.006208690342300638
0.006223002851691595
0.006237348354824191
0.006251726927756856
0.006266138646723356
0.0062805835881331795
0.006295061828571974
0.00630957344480193
0.006324118513762197
0.00633869711256927
0.006353309318517436
0.006367955209079156
0.0063826348619054896
0.006397348354826482
0.006412095765851615
0.006426877173170194
0.0064416926551517754
0.006456542290346556
0.0064714261574858305
0.006486344335482381
0.006501296903430909
0.006516283940608427
0.006531305526474723
0.006546361740672747
0.006561452663029057
0.006576578373554205
0.006591738952443213
0.006606934480075957
0.006622165037017622
0.006637430704019089
0.006652731562017413
0.006668067692136219
0.006683439175686149
0.0066988460941652655
0.006714288529259523
0.006729766562843175
0.006745280276979223
0.006760829753919818
0.00677641507610675
0.0067920363261718434
0.006807693586937417
0.006823386941416697
0.006839116472814293
0.006854882264526613
0.006870684400142325
0.006886522963442762
0.006902398038402419
0.006918309709189363
0.006934258060165687
0.006950243175887962
0.006966265141107686
0.006982324040771711
0.006998419960022731
0.007014552984199706
0.007030723198838334
0.007046930689671467
0.007063175542629615
0.0070794578438413735
0.0070957776796338875
0.0071121351365332885
0.007128530301265191
0.007144963260755127
0.00716143410212902
0.007177942912713615
0.007194489780036991
0.00721107479182899
0.007227698036021702
0.007244359600749898
0.007261059574351543
0.007277798045368235
0.007294575102545687
0.007311390834834172
0.007328245331389037
0.0073451386815711435
0.007362070974947361
0.0073790423012910075
0.007396052750582374
0.00741310241300917
0.007430191378967014
0.007447319739059889
0.007464487584100662
0.007481695005111538
0.007498942093324558
0.007516228940182053
0.00753355563733717
0.007550922276654334
0.007568328950209743
0.007585775750291836
0.007603262769401814
0.007620790100254115
0.007638357835776907
0.007655966069112561
0.007673614893618186
0.007691304402866091
0.0077090346906443005
0.007726805850957022
0.007744617978025184
0.007762471166286911
0.007780365510398041
0.007798301105232585
0.007816278045883293
0.007834296427662112
0.007852356346100719
0.007870457896950985
0.00788860117618554
0.007906786279998246
0.007925013304804718
0.007943282347242814
0.007961593504173184
0.00797994687267976
0.007998342550070285
0.008016780633876789
0.008035261221856169
0.00805378441199066
0.008072350302488382
0.008090958991783822
0.008109610578538404
0.008128305161640995
0.008147042840208396
0.008165823713585922
0.008184647881347902
0.008203515443298184
0.008222426499470713
0.008241381150130022
0.008260379495771792
0.008279421637123344
0.008298507675144225
0.008317637711026709
0.008336811846196349
0.008356030182312483
0.008375292821268827
0.008394599865193973
0.008413951416451956
0.008433347577642757
0.0084527884516029
0.008472274141405963
0.008491804750363144
0.008511380382023767
0.008531001140175895
0.008550667128846832
0.008570378452303701
0.008590135215053961
0.008609937521846007
0.008629785477669702
0.008649679187756939
0.00866961875758217
0.008689604292863019
0.008709635899560805
0.008729713683881122
0.008749837752274364
0.008770008211436349
0.008790225168308843
0.008810488730080147
0.008830799004185631
0.008851156098308357
0.008871560120379608
0.00889201117857949
0.008912509381337459
0.008933054837332954
0.008953647655495937
0.00897428794500749
0.008994975815300356
0.00901571137605957
0.009036494737223014
0.009057326008982007
0.00907820530178186
0.009099132726322517
0.009120108393559097
0.009141132414702508
0.009162204901220002
0.009183325964835811
0.009204495717531713
0.009225714271547638
0.00924698173938223
0.009268298233793494
0.009289663867799364
0.00931107875467831
0.009332543007969915
0.009354056741475521
0.009375620069258801
0.009397233105646385
0.009418895965228418
0.009440608762859235
0.009462371613657929
0.009484184633008978
0.009506047936562819
0.009527961640236522
0.009549925860214359
0.009571940712948441
0.009594006315159326
0.009616122783836648
0.009638290236239706
0.009660508789898131
0.009682778562612486
0.009705099672454899
0.00972747223776965
0.009749896377173866
0.009772372209558101
0.009794899854086991
0.009817479430199843
0.009840111057611334
0.009862794856312099
0.00988553094656939
0.009908319448927675
0.009931160484209335
0.009954054173515265
0.009977000638225536
0.01
0.010023052380778994
0.010046157902783952
0.01006931668851804
0.010092528860766845
0.010115794542598982
0.010139113857366794
0.010162486928706953
0.010185913880541169
0.010209394837076797
0.010232929922807542
0.010256519262514073
0.010280162981264735
0.010303861204416159
0.010327614057613975
0.010351421666793436
0.010375284158180127
0.01039920165829059
0.010423174293933041
0.010447202192207999
0.010471285480508996
0.01049542428652322
0.01051961873823223
0.010543868963912587
0.010568175092136586
0.010592537251772886
0.010616955571987247
0.010641430182243158
0.010665961212302578
0.010690548792226577
0.010715193052376065
0.010739894123412445
0.010764652136298349
0.010789467222298286
0.01081433951297938
0.010839269140212033
0.010864256236170655
0.010889300933334333
0.010914403364487566
0.010939563662720937
0.01096478196143185
0.010990058394325208
0.01101539309541415
0.011040786199020729
0.011066237839776664
0.01109174815262401
0.011117317272815914
0.011142945335917299
0.011168632477805612
0.011194378834671514
0.011220184543019636
0.011246049739669263
0.011271974561755105
0.011297959146727977
0.011324003632355572
0.01135010815672315
0.01137627285823431
0.011402497875611685
0.011428783347897719
0.011455129414455355
0.01148153621496883
0.011508003889444356
0.011534532578210924
0.011561122421920988
0.011587773561551261
0.011614486138403426
0.011641260294104915
0.011668096170609623
0.011694993910198712
0.011721953655481303
0.011748975549395297
0.011776059735208072
0.011803206356517298
0.011830415557251646
0.011857687481671602
0.011885022274370183
0.01191242008027375
0.011939881044642732
0.011967405313072436
0.011994993031493787
0.012022644346174132
0.012050359403717974
0.012078138351067804
0.012105981335504822
0.012133888504649774
0.012161860006463679
0.012189895989248667
0.012217996601648717
0.01224616199265049
0.012274392311584071
0.012302687708123818
0.01233104833228909
0.012359474334445108
0.01238796586530369
0.012416523075924113
0.01244514611771385
0.012473835142429432
0.0125025903021772
0.012531411749414162
0.012560299636948748
0.012589254117941675
0.012618275345906706
0.012647363474711517
0.012676518658578455
0.012705741052085419
0.012735030810166616
0.012764388088113442
0.012793813041575246
0.012823305826560218
0.012852866599436154
0.012882495516931342
0.012912192736135341
0.012941958414499863
0.01297179270983956
0.013001695780332907
0.013031667784522994
0.013061708881318418
0.01309181922999407
0.013121998990192035
0.013152248321922383
0.013182567385564075
0.013212956341865752
0.01324341535194665
0.013273944577297395
0.013304544179780914
0.01333521432163324
0.013365955165464426
0.01339676687425935
0.013427649611378642
0.013458603540559484
0.01348962882591654
0.013520725631942771
0.013551894123510363
0.013583134465871541
0.013614446824659504
0.013645831365889245
0.013677288255958495
0.013708817661648536
0.013740419750125157
0.013772094688939465
0.013803842646028852
0.01383566378971781
0.01386755828871889
0.013899526312133533
0.013931568029453036
0.013963683610559377
0.013995873225726185
0.014028137045619582
0.014060475241299143
0.014092887984218748
0.014125375446227547
0.014157937799570816
0.014190575216890926
0.014223287871228198
0.014256075936021887
0.01428893958511103
0.014321878992735439
0.014354894333536561
0.01438798578255846
0.014421153515248688
0.01445439770745928
0.014487718535447617
0.014521116175877428
0.014554590805819662
0.01458814260275349
0.014621771744567183
0.01465547840955912
0.014689262776438668
0.014723125024327193
0.014757065332758947
0.01479108388168208
0.014825180851459537
0.014859356422870075
0.014893610777109155
0.014927944095789967
0.014962356560944336
0.01499684835502374
0.015031419660900224
0.015066070661867425
0.015100801541641486
0.015135612484362087
0.015170503674593369
0.015205475297324961
0.015240527537972915
0.015275660582380732
0.015310874616820304
0.015346169827992948
0.01538154640303035
0.0154170045294956
0.01545254439538414
0.01548816618912481
0.015523870099580816
0.015559656316050743
0.01559552502826953
0.015631476426409538
0.015667510701081484
0.015703628043335523
0.01573982864466219
0.015776112696993486
0.015812480392703825
0.015848931924611134
0.015885467485977783
0.0159220872705117
0.015958791472367322
0.01599558028614669
0.01603245390690041
0.016069412530128772
0.0161064563517827
0.01614358556826486
0.016180800376430653
0.0162181009735893
0.016255487557504833
0.016292960326397224
0.016330519478943338
0.016368165214278085
0.016405897731995387
0.016443717232149314
0.016481623915255077
0.01651961798229015
0.016557699634695278
0.016595869074375606
0.01663412650370169
0.016672472125510627
0.01671090614310707
0.016749428760264373
0.016788040181225598
0.016826740610704674
0.016865530253887408
0.01690440931643264
0.016943378004473278
0.016982436524617443
0.017021585083949502
0.017060823890031235
0.01710015315090287
0.017139573075084253
0.017179083871575875
0.01721868574986007
0.01725837891990203
0.017298163592151014
0.017338039977541374
0.017378008287493755
0.017418068733916138
0.017458221529205037
0.017498466886246566
0.017538805018417612
0.01757923613958692
0.017619760464116292
0.01766037820686164
0.01770108958317421
0.01774189480890165
0.01778279410038923
0.017823787674480892
0.01786487574852051
0.01790605854035294
0.017947336268325266
0.017988709151287873
0.01803017740859569
0.018071741260109266
0.018113400926196024
0.01815515662773135
0.018197008586099836
0.018238957023196375
0.018281002161427428
0.01832314422371211
0.018365383433483463
0.018407720014689554
0.018450154191794736
0.01849268618978078
0.018535316234148114
0.01857804455091698
0.018620871366628676
0.018663796908346696
0.018706821403658005
0.018749945080674183
0.018793168168032684
0.018836490894898
0.018879913490962935
0.01892343618644975
0.018967059212111465
0.019010782799232996
0.019054607179632473
0.019098532585662378
0.01914255925021086
0.01918668740670289
0.019230917289101587
0.019275249131909356
0.01931968317016924
0.01936421963946607
0.01940885877592778
0.019453600816226622
0.019498445997580455
0.019543394557753942
0.0195884467350599
0.019633602768360466
0.01967886289706845
0.019724227361148535
0.01976969640111861
0.01981527025805098
0.019860949173573717
0.019906733389871863
0.0199526231496888
0.01999861869632744
0.020044720273651614
0.020090928126087277
0.020137242498623885
0.020183663636815608
0.020230191786782717
0.02027682719521282
0.02032357010936222
0.02037042077705718
0.020417379446695295
0.020464446367246737
0.020511621788255656
0.020558905959841414
0.020606299132700005
0.02065380155810529
0.020701413487910426
0.020749135174549096
0.020796966871036958
0.020844908830972887
0.020892961308540396
0.020941124558508925
0.020989398836235244
0.021037784397664752
0.021086281499332896
0.021134890398366465
0.021183611352485022
0.02123244462000219
0.02128139045982712
0.021330449131465763
0.021379620895022326
0.021428906011200583
0.021478304741305344
0.021527817347243728
0.02157744409152667
0.0216271852372702
0.02167704104819695
0.021727011788637444
0.02177709772353159
0.021827299118430014
0.02187761623949553
0.021928049353504484
0.021978598727848252
0.022029264630534562
0.022080047330189003
0.022130947096056376
0.022181964198002193
0.02223309890651403
0.022284351492703042
0.022335722228305314
0.0223872113856834
0.022438819237827663
0.022490546058357815
0.022542392121524292
0.022594357702209782
0.022646443075930594
0.022698648518838224
0.022750974307720707
0.022803420720004186
0.0228559880337543
0.022908676527677734
0.02296148648112362
0.02301441817408509
0.02306747188720069
0.023120647901755952
0.023173946499684784
0.023227367963571076
0.02328091257665008
0.023334580622810033
0.02338837238659355
0.023442288153199226
0.02349632820848307
0.023550492838960102
0.02360478233180577
0.023659196974857587
0.023713737056616554
0.02376840286624877
0.023823194693586902
0.02387811282913178
0.023933157564053877
0.02398832919019491
0.024043628000069334
0.024099054286865956
0.024154608344449404
0.024210290467361787
0.024266100950824154
0.02432204009073816
0.024378108183687526
0.024434305526939724
0.024490632418447456
0.02454708915685031
0.024603676041476275
0.0246603933723434
0.024717241450161305
0.024774220576332863
0.024831331052955704
0.024888573182823916
0.024945947269429548
0.025003453616964322
0.025061092530321138
0.025118864315095808
0.025176769277588558
0.025234807724805755
0.02529297996446145
0.025351286304979084
0.02540972705549305
0.025468302525850417
0.02552701302661247
0.025585858869056465
0.025644840365177175
0.025703957827688646
0.025763211570025753
0.02582260190634597
0.025882129151530917
0.02594179362118815
0.026001595631652722
0.026061535499988964
0.026121613543992065
0.026181830082189862
0.02624218543384442
0.02630267991895383
0.0263633138582538
0.026424087573219474
0.02648500138606701
0.026546055619755402
0.0266072505979881
0.026668586645214806
0.026730064086633115
0.02679168324819033
0.026853444456585076
0.026915348039269166
0.026977394324449205
0.02703958364108845
0.02710191631890843
0.027164392688390836
0.027227013080779128
0.027289777828080418
0.027352687263067124
0.027415741719278835
0.027478941531023975
0.027542287033381675
0.027605778562203462
0.027669416454115126
0.02773320104651841
0.027797132677592897
0.027861211686297706
0.027925438412373393
0.02798981319634363
0.028054336379517146
0.028119008303989407
0.02818382931264455
0.028248799749157075
0.028313919957993802
0.028379190284415566
0.028444611074479167
0.028510182675039096
0.02857590543374948
0.02864177969906581
0.028707805820246922
0.028773984147356695
0.02884031503126607
0.02890679882365476
0.028973435877013242
0.029040226544644512
0.029107171180666067
0.029174270140011675
0.02924152377843337
0.029308932452503215
0.02937649651961532
0.02944421633798762
0.029512092266663854
0.02958012466551545
0.029648313895243424
0.029716660317380253
0.029785164294291896
0.02985382618917959
0.02992264636608189
0.0299916251898765
0.030060763026282307
0.030130060241861205
0.03019951720402016
0.030269134281013046
0.030338911841942703
0.030408850256762782
0.03047894989627983
0.030549211132155123
0.030619634336906773
0.030690219883911567
0.03076096814740708
0.030831879502493532
0.030902954325135904
0.030974192992165795
0.031045595881283555
0.03111716337106017
0.031188895840939368
0.03126079367123954
0.031332857243155855
0.031405086938762164
0.03147748314101316
0.03155004623374626
0.03162277660168379
0.0316956746304349
0.031768740706497704
0.03184197521726124
0.031915378551007616
0.03198895109691397
0.03206269324505466
0.032136605386403165
0.032210687912834345
0.03228494121712635
0.03235936569296283
0.032433961734934916
0.032508729738543435
0.03258367010020087
0.03265878321723358
0.032734069487883814
0.032809529311311904
0.0328851630875983
0.03296097121774578
0.03303695410368147
0.03311311214825911
0.03318944575526103
0.03326595532940045
0.03334264127632349
0.03341950400261143
0.03349654391578276
0.03357376142429547
0.03365115693754907
0.03372873086588689
0.033806483620598154
0.033884415613920256
0.03396252725904084
0.03404081897010009
0.034119291162192845
0.03419794425137089
0.034276778654645026
0.034355794789987466
0.03443499307633384
0.034514373933585626
0.03459393778261219
0.034673685045253165
0.03475361614432058
0.03483373150360118
0.03491403154785861
0.03499451670283573
0.03507518739525679
0.035156044052829814
0.03523708710424871
0.0353183169791957
0.03539973410834346
0.03548133892335755
0.03556313185689853
0.03564511334262443
0.035727283815192884
0.03580964371026361
0.03589219346450052
0.03597493351557424
0.03605786430216423
0.03614098626396133
0.03622429984166986
0.03630780547701014
0.036391503612720706
0.03647539469256078
0.03655947916131248
0.03664375746478333
0.036728230049808464
0.036812897364253146
0.03689775985701503
0.036982817978026626
0.0370680721782576
0.03715352290971726
0.03723917062545685
0.03732501577957206
0.03741105882720533
0.037497300224548356
0.037583740428844416
0.03767037989839089
0.0377572190925416
0.03784425847170934
0.03793149849736819
0.038018939632056124
0.038106582339377304
0.03819442708400466
0.03828247433168226
0.03837072454922788
0.03845917820453535
0.038547835766577186
0.03863669770540691
0.038725764492161724
0.03881503659906482
0.03890451449942807
0.03899419866765434
0.039084089579240214
0.039174187710778303
0.03926449353995999
0.03935500754557775
0.03944573020752785
0.03953666200681279
0.03962780342554395
0.03971915494694403
0.039810717055349734
0.03990249023621421
0.03999447497610976
0.04008667176273028
0.040179081084894
0.04027170343254591
0.0403645392967605
0.04045758916974426
0.040550853544838394
0.040644332916521274
0.04073802778041128
0.04083193863326921
0.040926065973001094
0.04102041029866068
0.04111497211045223
0.04120975190973302
0.041304750199016145
0.04139996748197304
0.04149540426343631
0.04159106104940221
0.04168693834703355
0.041783036664662175
0.041879356511791845
0.04197589839910075
0.04207266283844442
0.042169650342858224
0.04226686142656031
0.04236429660495411
0.0424619563946313
0.04255984131337431
0.04265795188015928
0.04275628861515862
0.042854852039743964
0.042953642676488726
0.043052661049171076
0.043151907682776526
0.04325138310350088
0.04335108783875289
0.04345102241715717
0.04355118736855686
0.04365158322401661
0.04375221051582521
0.04385306977749858
0.043954161543782455
0.04405548635065534
0.044157044735331254
0.04425883723626267
0.044360864393143254
0.044463126746910886
0.04456562483975033
0.04466835921509633
0.04477133041763626
0.04487453899331323
0.0449779854893288
0.04508167045414603
0.04518559443749224
0.04528975799036209
0.04539416166502032
0.045498806015004875
0.04560369159512962
0.04570881896148752
0.04581418867145335
0.045919801283686876
0.0460256573581356
0.04613175745603795
0.04623810213992603
0.04634469197362882
0.046451527522274945
0.04655860935229591
0.04666593803142887
0.046773514128719836
0.04688133821452653
0.04698941086052156
0.04709773263969529
0.04720630412635907
0.04731512589614805
0.04742419852602448
0.047533522594280536
0.04764309868054159
0.04775292736576909
0.047863009232263824
0.047973344863668894
0.04808393484497285
0.04819477976251271
0.04830588020397726
0.048417236758409914
0.0485288500162121
0.04864072056914614
0.04875284901033863
0.04886523593428334
0.04897788193684462
0.04909078761526029
0.04920395356814509
0.04931738039549357
0.049431068698683536
0.049545019080479
0.0496592321450336
0.04977370849789358
0.049888448746001214
0.05000345349769783
0.05011872336272722
0.05023425895223869
0.05035006087879047
0.05046612975635282
0.0505824662003114
0.05069907082747042
0.050815944256056046
0.050933087105719525
0.05105049999754062
0.05116818355403076
0.05128613839913648
0.05140436515824259
0.051522864458175645
0.05164163692720708
0.051760683195056764
0.0518800038928961
0.051999599653351596
0.05211947111050803
0.05223961889991197
0.05236004365857501
0.05248074602497726
0.0526017266390706
0.05272298614228227
0.052844525177518024
0.05296634438916578
0.05308844442309882
0.053210825926679424
0.05333348954876208
0.053456435939697164
0.053579665751334146
0.05370317963702527
0.05382697825162881
0.05395106225151276
0.05407543229455807
0.05420008904016239
0.05432503314924331
0.05445026528424212
0.05457578610912708
0.05470159628939716
0.05482769649208536
0.054954087385762455
0.055080769640540324
0.05520774392807573
0.055335010921573655
0.055462571295791074
0.05559042572704034
0.055718574893192985
0.05584701947368306
0.055975760149511014
0.056104797603247034
0.05623413251903491
0.056363765582595426
0.05649369748123025
0.05662392890382532
0.056754460540854715
0.05688529308438413
0.05701642722807475
0.05714786366718669
0.057279603098582925
0.05741164622073274
0.057543993733715694
0.05767664633922506
0.05780960474057181
0.05794286964268809
0.05807644175213121
0.058210321777087126
0.05834451042737448
0.05847900841444806
0.05861381645140288
0.058748935252977655
0.0588843655355589
0.059020108017184415
0.0591561634175474
0.059292532457999966
0.05942921586155727
0.059566214352901034
0.059703528658383694
0.05984115950603196
0.05997910762555094
0.06011737374832779
0.06025595860743578
0.06039486293763797
0.06053408747539136
0.060673632958850525
0.060813500127871796
0.06095368972401691
0.061094202490557206
0.061235039172477336
0.06137620051647943
0.061517687270986804
0.06165950018614822
0.06180164001384158
0.06194410750767815
0.062086903423006344
0.062230028516915954
0.06237348354824192
0.06251726927756858
0.06266138646723353
0.0628058358813318
0.06295061828571975
0.06309573444801933
0.06324118513762193
0.0633869711256927
0.06353309318517436
0.06367955209079158
0.06382634861905485
0.06397348354826482
0.06412095765851615
0.06426877173170198
0.06441692655151772
0.06456542290346556
0.06471426157485831
0.06486344335482384
0.06501296903430906
0.06516283940608428
0.06531305526474723
0.0654636174067275
0.06561452663029053
0.06576578373554205
0.06591738952443213
0.06606934480075961
0.06622165037017619
0.0663743070401909
0.06652731562017412
0.06668067692136222
0.06683439175686146
0.06698846094165266
0.06714288529259523
0.06729766562843179
0.0674528027697922
0.06760829753919818
0.0677641507610675
0.06792036326171846
0.06807693586937413
0.06823386941416697
0.06839116472814293
0.06854882264526617
0.06870684400142321
0.06886522963442762
0.06902398038402419
0.06918309709189366
0.0693425806016569
0.0695024317588797
0.06966265141107687
0.06982324040771715
0.06998419960022735
0.07014552984199714
0.07030723198838335
0.07046930689671471
0.0706317554262962
0.0707945784384138
0.07095777679633887
0.07112135136533292
0.07128530301265194
0.07144963260755134
0.0716143410212902
0.07177942912713618
0.07194489780036994
0.07211074791828997
0.07227698036021703
0.07244359600749903
0.07261059574351547
0.07277798045368242
0.07294575102545688
0.07311390834834176
0.07328245331389041
0.0734513868157115
0.07362070974947361
0.07379042301291011
0.07396052750582378
0.07413102413009177
0.07430191378967013
0.07447319739059892
0.07464487584100665
0.07481695005111545
0.07498942093324558
0.07516228940182057
0.07533555637337173
0.07550922276654341
0.07568328950209743
0.0758577575029184
0.07603262769401818
0.07620790100254123
0.07638357835776907
0.07655966069112566
0.0767361489361819
0.07691304402866098
0.07709034690644301
0.07726805850957025
0.07744617978025188
0.07762471166286919
0.07780365510398041
0.0779830110523259
0.07816278045883297
0.0783429642766212
0.07852356346100718
0.07870457896950989
0.07888601176185545
0.07906786279998253
0.07925013304804718
0.07943282347242818
0.07961593504173188
0.07979946872679769
0.07998342550070285
0.08016780633876794
0.08035261221856173
0.08053784411990669
0.08072350302488382
0.08090958991783825
0.08109610578538408
0.08128305161640995
0.08147042840208396
0.08165823713585926
0.08184647881347899
0.08203515443298186
0.08222426499470713
0.08241381150130025
0.08260379495771787
0.08279421637123345
0.08298507675144226
0.08317637711026712
0.08336811846196344
0.08356030182312484
0.08375292821268826
0.08394599865193977
0.08413951416451952
0.08433347577642757
0.084527884516029
0.08472274141405968
0.0849180475036314
0.08511380382023767
0.08531001140175895
0.08550667128846837
0.08570378452303697
0.08590135215053961
0.08609937521846008
0.08629785477669706
0.08649679187756934
0.0866961875758217
0.0868960429286302
0.0870963589956081
0.08729713683881117
0.08749837752274364
0.08770008211436349
0.08790225168308846
0.08810488730080142
0.08830799004185631
0.08851156098308356
0.08871560120379612
0.08892011178579486
0.08912509381337459
0.08933054837332954
0.08953647655495942
0.08974287945007486
0.08994975815300356
0.09015711376059571
0.09036494737223018
0.09057326008982003
0.09078205301781861
0.09099132726322517
0.09120108393559097
0.09141132414702499
0.09162204901219996
0.09183325964835806
0.09204495717531712
0.09225714271547629
0.09246981739382225
0.0926829823379349
0.09289663867799362
0.09311078754678301
0.0933254300796991
0.09354056741475517
0.09375620069258803
0.09397233105646376
0.09418895965228413
0.0944060876285923
0.0946237161365793
0.09484184633008969
0.09506047936562814
0.09527961640236517
0.09549925860214359
0.09571940712948442
0.09594006315159331
0.09616122783836643
0.09638290236239705
0.09660508789898131
0.09682778562612492
0.09705099672454894
0.09727472237769651
0.09749896377173867
0.09772372209558107
0.09794899854086986
0.09817479430199844
0.09840111057611335
0.09862794856312104
0.09885530946569386
0.09908319448927676
0.09931160484209335
0.0995405417351527
0.0997700063822553
0.1
0.10023052380778996
0.10046157902783952
0.10069316688518042
0.10092528860766845
0.10115794542598985
0.10139113857366794
0.10162486928706957
0.1018591388054117
0.102093948370768
0.10232929922807542
0.10256519262514076
0.10280162981264736
0.10303861204416162
0.10327614057613975
0.10351421666793438
0.10375284158180126
0.10399201658290592
0.10423174293933042
0.10447202192208001
0.10471285480508996
0.10495424286523221
0.1051961873823223
0.10543868963912587
0.10568175092136585
0.10592537251772886
0.10616955571987247
0.10641430182243158
0.10665961212302578
0.10690548792226577
0.10715193052376071
0.10739894123412454
0.10764652136298355
0.10789467222298293
0.10814339512979386
0.10839269140212042
0.10864256236170661
0.10889300933334341
0.10914403364487571
0.10939563662720944
0.10964781961431856
0.10990058394325217
0.11015393095414157
0.11040786199020738
0.1106623783977667
0.11091748152624017
0.1111731727281592
0.11142945335917306
0.11168632477805618
0.11194378834671523
0.11220184543019641
0.11246049739669271
0.1127197456175511
0.11297959146727986
0.11324003632355577
0.11350108156723157
0.11376272858234315
0.11402497875611695
0.11428783347897724
0.11455129414455363
0.11481536214968835
0.11508003889444365
0.11534532578210929
0.11561122421920995
0.11587773561551268
0.11614486138403435
0.1164126029410492
0.11668096170609633
0.11694993910198717
0.11721953655481313
0.11748975549395303
0.11776059735208082
0.11803206356517304
0.11830415557251656
0.11857687481671608
0.11885022274370192
0.11912420080273756
0.1193988104464274
0.11967405313072443
0.11994993031493796
0.12022644346174137
0.12050359403717983
0.1207813835106781
0.12105981335504833
0.1213388850464978
0.12161860006463689
0.12189895989248674
0.12217996601648726
0.12246161992650495
0.12274392311584081
0.12302687708123825
0.12331048332289096
0.12359474334445113
0.12387965865303696
0.1241652307592412
0.12445146117713857
0.12473835142429439
0.12502590302177208
0.12531411749414167
0.12560299636948755
0.12589254117941676
0.1261827534590671
0.12647363474711515
0.1267651865857846
0.1270574105208542
0.1273503081016662
0.1276438808811344
0.1279381304157525
0.1282330582656022
0.12852866599436158
0.12882495516931342
0.12912192736135344
0.12941958414499863
0.12971792709839564
0.13001695780332906
0.13031667784522996
0.13061708881318418
0.13091819229994073
0.13121998990192035
0.13152248321922386
0.13182567385564073
0.13212956341865756
0.1324341535194665
0.13273944577297397
0.13304544179780914
0.13335214321633243
0.13365955165464424
0.13396766874259355
0.13427649611378642
0.13458603540559486
0.1348962882591654
0.13520725631942776
0.13551894123510363
0.13583134465871546
0.13614446824659504
0.1364583136588925
0.13677288255958495
0.1370881766164854
0.13740419750125155
0.13772094688939468
0.13803842646028852
0.13835663789717814
0.1386755828871889
0.13899526312133537
0.13931568029453034
0.1396368361055938
0.13995873225726185
0.14028137045619585
0.14060475241299142
0.14092887984218752
0.14125375446227548
0.1415793779957082
0.14190575216890927
0.14223287871228202
0.14256075936021886
0.14288939585111032
0.1432187899273544
0.14354894333536564
0.1438798578255846
0.1442115351524869
0.1445439770745928
0.14487718535447616
0.14521116175877427
0.14554590805819662
0.1458814260275349
0.14621771744567183
0.1465547840955912
0.1468926277643867
0.14723125024327194
0.14757065332758945
0.1479108388168207
0.14825180851459532
0.14859356422870068
0.1489361077710915
0.14927944095789958
0.14962356560944332
0.1499684835502373
0.1503141966090022
0.15066070661867417
0.15100801541641481
0.1513561248436208
0.15170503674593364
0.15205475297324955
0.15240527537972912
0.15275660582380723
0.153108746168203
0.15346169827992942
0.15381546403030347
0.15417004529495593
0.15452544395384138
0.1548816618912481
0.1552387009958082
0.15559656316050743
0.15595525028269536
0.15631476426409538
0.15667510701081488
0.15703628043335524
0.15739828644662193
0.15776112696993486
0.15812480392703832
0.15848931924611134
0.15885467485977786
0.159220872705117
0.15958791472367326
0.15995580286146688
0.16032453906900412
0.1606941253012877
0.16106456351782703
0.16143585568264862
0.16180800376430657
0.16218100973589297
0.16255487557504839
0.16292960326397224
0.16330519478943342
0.16368165214278085
0.16405897731995392
0.16443717232149316
0.1648162391525508
0.1651961798229015
0.1655769963469528
0.16595869074375605
0.16634126503701693
0.16672472125510626
0.16710906143107074
0.16749428760264373
0.16788040181225602
0.16826740610704674
0.16865530253887412
0.16904409316432642
0.16943378004473283
0.16982436524617442
0.170215850839495
0.17060823890031235
0.17100153150902872
0.17139573075084252
0.17179083871575876
0.1721868574986007
0.17258378919902032
0.17298163592151014
0.17338039977541375
0.17378008287493762
0.1741806873391615
0.17458221529205048
0.17498466886246578
0.17538805018417622
0.17579236139586935
0.17619760464116302
0.17660378206861652
0.1770108958317422
0.17741894808901668
0.17782794100389238
0.17823787674480904
0.17864875748520517
0.1790605854035295
0.17947336268325276
0.17988709151287888
0.180301774085957
0.1807174126010928
0.18113400926196035
0.18155156627731364
0.18197008586099844
0.1823895702319639
0.18281002161427437
0.18323144223712126
0.18365383433483473
0.1840772001468957
0.18450154191794746
0.1849268618978079
0.18535316234148125
0.18578044550916994
0.18620871366628686
0.18663796908346708
0.18706821403658017
0.18749945080674196
0.18793168168032695
0.18836490894898017
0.18879913490962946
0.18923436186449766
0.18967059212111473
0.19010782799233011
0.19054607179632482
0.19098532585662392
0.1914255925021087
0.19186687406702904
0.19230917289101596
0.19275249131909372
0.19319683170169252
0.19364219639466082
0.19408858775927793
0.19453600816226638
0.19498445997580466
0.19543394557753957
0.19588446735059908
0.19633602768360478
0.1967886289706846
0.1972422736114855
0.1976969640111862
0.19815270258050993
0.19860949173573728
0.19906733389871878
0.19952623149688808
0.19998618696327447
0.20044720273651623
0.20090928126087287
0.20137242498623895
0.20183663636815619
0.20230191786782728
0.2027682719521283
0.2032357010936223
0.2037042077705719
0.20417379446695297
0.20464446367246744
0.20511621788255657
0.2055890595984142
0.20606299132700007
0.20653801558105297
0.20701413487910425
0.20749135174549102
0.2079696687103696
0.2084490883097289
0.20892961308540398
0.2094112455850893
0.20989398836235246
0.21037784397664758
0.21086281499332898
0.2113489039836647
0.2118361135248502
0.21232444620002197
0.21281390459827124
0.21330449131465767
0.21379620895022325
0.2142890601120059
0.21478304741305343
0.21527817347243733
0.21577444091526668
0.21627185237270208
0.21677041048196952
0.2172701178863745
0.2177709772353159
0.21827299118430019
0.2187761623949553
0.21928049353504492
0.21978598727848253
0.22029264630534567
0.22080047330189004
0.2213094709605638
0.22181964198002194
0.22233098906514037
0.22284351492703042
0.22335722228305321
0.223872113856834
0.22438819237827667
0.22490546058357816
0.225423921215243
0.2259435770220978
0.226464430759306
0.22698648518838224
0.22750974307720712
0.22803420720004186
0.22855988033754307
0.22908676527677735
0.22961486481123625
0.23014418174085088
0.23067471887200697
0.23120647901755953
0.23173946499684792
0.23227367963571074
0.23280912576650084
0.23334580622810033
0.23388372386593553
0.23442288153199228
0.23496328208483072
0.23550492838960102
0.2360478233180577
0.23659196974857588
0.23713737056616552
0.23768402866248772
0.23823194693586902
0.2387811282913178
0.23933157564053875
0.23988329190194904
0.24043628000069334
0.24099054286865948
0.24154608344449405
0.2421029046736178
0.24266100950824154
0.24322040090738153
0.24378108183687525
0.2443430552693972
0.24490632418447456
0.24547089156850305
0.24603676041476275
0.24660393372343392
0.24717241450161304
0.24774220576332856
0.24831331052955705
0.2488857318282391
0.24945947269429547
0.25003453616964316
0.2506109253032114
0.251188643150958
0.25176769277588557
0.25234807724805747
0.2529297996446145
0.25351286304979076
0.25409727055493053
0.2546830252585041
0.2552701302661247
0.2558585886905646
0.25644840365177174
0.2570395782768864
0.25763211570025757
0.25822601906345966
0.2588212915153092
0.2594179362118814
0.2600159563165272
0.2606153549998896
0.26121613543992067
0.26181830082189855
0.26242185433844417
0.2630267991895382
0.263633138582538
0.2642408757321947
0.2648500138606701
0.265460556197554
0.26607250597988097
0.266685866452148
0.26730064086633115
0.26791683248190323
0.26853444456585074
0.2691534803926916
0.26977394324449205
0.2703958364108844
0.2710191631890843
0.2716439268839083
0.2722701308077913
0.27289777828080414
0.27352687263067127
0.2741574171927883
0.2747894153102397
0.2754228703338166
0.27605778562203465
0.27669416454115114
0.2773320104651841
0.27797132677592884
0.2786121168629771
0.27925438412373377
0.2798981319634363
0.2805433637951713
0.281190083039894
0.28183829312644537
0.28248799749157066
0.2831391995799379
0.28379190284415556
0.28444611074479154
0.2851018267503909
0.28575905433749466
0.28641779699065806
0.28707805820246907
0.2877398414735669
0.28840315031266056
0.28906798823654756
0.28973435877013226
0.29040226544644504
0.2910717118066605
0.29174270140011666
0.29241523778433354
0.29308932452503206
0.2937649651961531
0.2944421633798761
0.29512092266663853
0.29580124665515456
0.2964831389524342
0.2971666031738026
0.29785164294291894
0.29853826189179594
0.2992264636608189
0.2999162518987651
0.30060763026282306
0.3013006024186121
0.3019951720402016
0.30269134281013055
0.30338911841942706
0.3040885025676279
0.3047894989627983
0.3054921113215513
0.3061963433690677
0.30690219883911574
0.3076096814740708
0.3083187950249354
0.30902954325135906
0.309741929921658
0.31045595881283555
0.31117163371060175
0.3118889584093937
0.3126079367123955
0.31332857243155854
0.3140508693876217
0.3147748314101316
0.31550046233746265
0.31622776601683794
0.31695674630434906
0.317687407064977
0.3184197521726124
0.3191537855100761
0.31988951096913976
0.3206269324505465
0.3213660538640317
0.3221068791283434
0.3228494121712635
0.3235936569296282
0.3243396173493492
0.32508729738543435
0.32583670100200873
0.3265878321723358
0.32734069487883816
0.32809529311311897
0.32885163087598296
0.3296097121774577
0.3303695410368147
0.33113112148259105
0.3318944575526103
0.33265955329400443
0.33342641276323487
0.33419504002611417
0.3349654391578276
0.3357376142429546
0.33651156937549065
0.3372873086588688
0.33806483620598154
0.3388441561392025
0.33962527259040837
0.34040818970100084
0.34119291162192844
0.34197944251370876
0.3427677865464503
0.34355794789987454
0.3443499307633384
0.3451437393358562
0.3459393778261219
0.34673685045253155
0.34753616144320576
0.34833731503601173
0.3491403154785861
0.3499451670283572
0.35075187395256796
0.35156044052829805
0.3523708710424871
0.3531831697919569
0.3539973410834346
0.3548133892335754
0.3556313185689853
0.3564511334262442
0.35727283815192884
0.35809643710263594
0.3589219346450051
0.3597493351557422
0.36057864302164233
0.3614098626396132
0.36224299841669855
0.36307805477010124
0.36391503612720705
0.3647539469256077
0.3655947916131248
0.36643757464783316
0.3672823004980846
0.36812897364253133
0.3689775985701502
0.3698281797802661
0.37068072178257594
0.37153522909717246
0.3723917062545684
0.3732501577957205
0.37411058827205323
0.3749730022454834
0.3758374042884441
0.37670379898390877
0.37757219092541594
0.37844258471709324
0.3793149849736818
0.3801893963205611
0.381065823393773
0.38194427084004645
0.3828247433168226
0.3837072454922787
0.3845917820453535
0.38547835766577165
0.386366977054069
0.3872576449216171
0.3881503659906481
0.3890451449942805
0.3899419866765433
0.3908408957924019
0.39174187710778297
0.3926449353995997
0.39355007545577736
0.3944573020752783
0.3953666200681278
0.39627803425543934
0.3971915494694402
0.39810717055349715
0.39902490236214194
0.39994474976109734
0.4008667176273027
0.4017908108489398
0.40271703432545897
0.4036453929676049
0.40457589169744257
0.4055085354483837
0.40644332916521264
0.4073802778041126
0.408319386332692
0.40926065973001075
0.4102041029866067
0.41114972110452214
0.4120975190973301
0.41304750199016127
0.4139996748197303
0.4149540426343628
0.41591061049402195
0.4168693834703353
0.41783036664662165
0.41879356511791827
0.41975898399100736
0.4207266283844439
0.42169650342858206
0.4226686142656028
0.42364296604954094
0.42461956394631273
0.4255984131337429
0.4265795188015925
0.42756288615158605
0.42854852039743935
0.4295364267648871
0.4305266104917105
0.4315190768277651
0.43251383103500857
0.4335108783875287
0.43451022417157137
0.43551187368556843
0.4365158322401658
0.4375221051582519
0.43853069777498555
0.43954161543782433
0.44055486350655315
0.44157044735331236
0.4425883723626264
0.44360864393143234
0.4446312674691085
0.4456562483975031
0.446683592150963
0.4477133041763624
0.448745389933132
0.4497798548932878
0.45081670454146
0.4518559443749226
0.452897579903621
0.45394161665020344
0.45498806015004883
0.4560369159512964
0.4570881896148753
0.4581418867145337
0.4591980128368689
0.4602565735813563
0.46131757456037964
0.46238102139926057
0.46344691973628827
0.4645152752227497
0.4655860935229592
0.4666593803142889
0.46773514128719845
0.4688133821452655
0.4698941086052157
0.47097732639695317
0.47206304126359083
0.47315125896148075
0.47424198526024497
0.4753352259428056
0.476430986805416
0.47752927365769116
0.47863009232263865
0.47973344863668943
0.48083934844972887
0.4819477976251276
0.48305880203977297
0.48417236758409965
0.48528850016212133
0.4864072056914619
0.4875284901033866
0.4886523593428339
0.4897788193684465
0.4909078761526034
0.4920395356814512
0.49317380395493615
0.49431068698683567
0.49545019080479047
0.4965923214503363
0.49773708497893626
0.49888448746001246
0.5000345349769788
0.5011872336272726
0.5023425895223873
0.503500608787905
0.5046612975635286
0.5058246620031144
0.5069907082747046
0.5081594425605608
0.5093308710571957
0.5105049999754065
0.511681835540308
0.5128613839913652
0.5140436515824264
0.5152286445817568
0.5164163692720712
0.5176068319505679
0.5188000389289614
0.5199959965335162
0.5211947111050808
0.5223961889991201
0.5236004365857505
0.5248074602497729
0.5260172663907065
0.527229861422823
0.5284452517751808
0.5296634438916581
0.5308844442309886
0.5321082592667945
0.5333348954876213
0.5345643593969719
0.5357966575133418
0.537031796370253
0.5382697825162885
0.5395106225151278
0.5407543229455811
0.5420008904016241
0.5432503314924335
0.5445026528424215
0.5457578610912712
0.5470159628939719
0.548276964920854
0.5495408738576248
0.5508076964054037
0.5520774392807576
0.553350109215737
0.5546257129579111
0.5559042572704038
0.5571857489319302
0.558470194736831
0.5597576014951104
0.5610479760324708
0.5623413251903493
0.5636376558259547
0.5649369748123028
0.5662392890382536
0.5675446054085473
0.5688529308438417
0.5701642722807477
0.5714786366718673
0.5727960309858294
0.5741164622073278
0.5754399373371571
0.576766463392251
0.5780960474057184
0.5794286964268813
0.5807644175213124
0.5821032177708717
0.5834451042737451
0.584790084144481
0.586138164514029
0.587489352529777
0.5888436553555892
0.5902010801718446
0.5915616341754742
0.59292532458
0.5942921586155729
0.5956621435290107
0.5970352865838371
0.5984115950603199
0.5997910762555096
0.6011737374832783
0.602559586074358
0.60394862937638
0.6053408747539138
0.6067363295885057
0.6081350012787182
0.6095368972401695
0.6109420249055723
0.6123503917247738
0.6137620051647945
0.6151768727098684
0.6165950018614824
0.6180164001384162
0.6194410750767817
0.6208690342300638
0.6223002851691597
0.6237348354824195
0.625172692775686
0.6266138646723356
0.6280583588133182
0.6295061828571978
0.6309573444801935
0.6324118513762197
0.6338697112569271
0.6353309318517439
0.636795520907916
0.638263486190549
0.6397348354826483
0.6412095765851619
0.6426877173170199
0.6441692655151775
0.6456542290346557
0.6471426157485834
0.6486344335482386
0.6501296903430909
0.6516283940608429
0.6531305526474726
0.6546361740672751
0.6561452663029056
0.6576578373554207
0.6591738952443216
0.6606934480075962
0.6622165037017622
0.663743070401909
0.6652731562017415
0.6668067692136224
0.6683439175686149
0.6698846094165266
0.6714288529259526
0.672976656284318
0.6745280276979222
0.676082975391982
0.6776415076106753
0.6792036326171847
0.6807693586937417
0.6823386941416698
0.6839116472814296
0.6854882264526618
0.6870684400142324
0.6886522963442763
0.6902398038402422
0.6918309709189367
0.6934258060165693
0.695024317588797
0.6966265141107689
0.6982324040771716
0.6998419960022737
0.7014552984199715
0.7030723198838337
0.7046930689671471
0.7063175542629622
0.7079457843841381
0.709577767963389
0.7112135136533293
0.7128530301265198
0.7144963260755136
0.7161434102129023
0.717794291271362
0.7194489780036998
0.7211074791828999
0.7227698036021706
0.7244359600749903
0.726105957435155
0.7277798045368242
0.7294575102545688
0.7311390834834176
0.7328245331389043
0.7345138681571151
0.7362070974947362
0.7379042301291011
0.739605275058238
0.7413102413009177
0.7430191378967016
0.7447319739059892
0.7464487584100667
0.7481695005111545
0.749894209332456
0.7516228940182056
0.7533555637337176
0.755092227665434
0.7568328950209745
0.758577575029184
0.7603262769401821
0.7620790100254122
0.7638357835776909
0.7655966069112565
0.7673614893618191
0.7691304402866098
0.7709034690644302
0.7726805850957025
0.7744617978025189
0.776247116628692
0.7780365510398042
0.7798301105232589
0.7816278045883298
0.783429642766212
0.785235634610072
0.7870457896950989
0.7888601176185546
0.7906786279998252
0.792501330480472
0.7943282347242817
0.7961593504173189
0.7979946872679768
0.7998342550070286
0.8016780633876793
0.8035261221856175
0.8053784411990668
0.8072350302488384
0.8090958991783824
0.810961057853841
0.8128305161640994
0.8147042840208397
0.8165823713585926
0.8184647881347901
0.8203515443298185
0.8222426499470713
0.8241381150130024
0.8260379495771789
0.8279421637123343
0.8298507675144227
0.8317637711026712
0.8336811846196345
0.8356030182312482
0.8375292821268827
0.8394599865193976
0.8413951416451952
0.8433347577642756
0.8452788451602901
0.8472274141405967
0.849180475036314
0.8511380382023767
0.8531001140175896
0.8550667128846834
0.8570378452303697
0.8590135215053958
0.8609937521846007
0.8629785477669704
0.8649679187756933
0.8669618757582167
0.8689604292863019
0.8709635899560807
0.8729713683881117
0.8749837752274361
0.8770008211436349
0.8790225168308844
0.8810488730080142
0.8830799004185629
0.8851156098308356
0.887156012037961
0.8892011178579485
0.8912509381337457
0.8933054837332953
0.895364765549594
0.8974287945007485
0.8994975815300353
0.901571137605957
0.9036494737223015
0.9057326008982002
0.9078205301781859
0.9099132726322516
0.9120108393559099
0.9141132414702503
0.9162204901219998
0.918332596483581
0.9204495717531714
0.9225714271547633
0.9246981739382226
0.9268298233793494
0.9289663867799365
0.9311078754678305
0.9332543007969911
0.935405674147552
0.9375620069258803
0.939723310564638
0.9418895965228414
0.9440608762859235
0.9462371613657932
0.9484184633008973
0.9506047936562816
0.952796164023652
0.9549925860214361
0.9571940712948446
0.9594006315159332
0.9616122783836648
0.9638290236239706
0.9660508789898135
0.9682778562612493
0.9705099672454898
0.9727472237769652
0.9749896377173871
0.9772372209558108
0.979489985408699
0.9817479430199845
0.9840111057611338
0.9862794856312106
0.988553094656939
0.9908319448927677
0.9931160484209339
0.9954054173515271
0.9977000638225535
1.
1.0023052380778996
1.0046157902783952
1.0069316688518042
1.0092528860766845
1.0115794542598986
1.0139113857366795
1.0162486928706955
1.0185913880541169
1.02093948370768
1.023292992280754
1.0256519262514077
1.0280162981264735
1.030386120441616
1.0327614057613974
1.035142166679344
1.0375284158180127
1.0399201658290593
1.0423174293933042
1.0447202192208
1.0471285480508996
1.0495424286523223
1.0519618738232228
1.0543868963912588
1.0568175092136585
1.0592537251772889
1.0616955571987245
1.0641430182243161
1.066596121230258
1.069054879222658
1.0715193052376064
1.0739894123412448
1.076465213629835
1.0789467222298288
1.081433951297938
1.0839269140212036
1.0864256236170655
1.0889300933334334
1.0914403364487566
1.093956366272094
1.096478196143185
1.099005839432521
1.101539309541415
1.1040786199020731
1.1066237839776663
1.109174815262401
1.1117317272815912
1.11429453359173
1.1168632477805611
1.1194378834671515
1.1220184543019633
1.1246049739669264
1.1271974561755105
1.1297959146727978
1.132400363235557
1.135010815672315
1.1376272858234309
1.1402497875611688
1.1428783347897717
1.1455129414455356
1.1481536214968828
1.1508003889444358
1.1534532578210923
1.1561122421920988
1.158777356155126
1.1614486138403428
1.1641260294104914
1.1668096170609625
1.169499391019871
1.1721953655481303
1.1748975549395295
1.1776059735208073
1.1803206356517295
1.1830415557251646
1.18576874816716
1.1885022274370183
1.1912420080273747
1.193988104464273
1.1967405313072434
1.1994993031493786
1.2022644346174127
1.2050359403717974
1.20781383510678
1.2105981335504823
1.213388850464977
1.2161860006463678
1.2189895989248665
1.2217996601648717
1.2246161992650486
1.2274392311584073
1.2302687708123814
1.233104833228909
1.2359474334445104
1.238796586530369
1.2416523075924109
1.244514611771385
1.2473835142429428
1.25025903021772
1.2531411749414159
1.2560299636948746
1.258925411794167
1.2618275345906704
1.2647363474711513
1.2676518658578455
1.2705741052085415
1.2735030810166617
1.2764388088113436
1.2793813041575246
1.2823305826560214
1.2852866599436152
1.2882495516931338
1.291219273613534
1.294195841449986
1.2971792709839558
1.3001695780332903
1.3031667784522993
1.3061708881318412
1.3091819229994068
1.312199899019203
1.3152248321922382
1.318256738556407
1.321295634186575
1.3243415351946646
1.3273944577297394
1.3304544179780908
1.3335214321633237
1.336595516546442
1.339676687425935
1.3427649611378636
1.3458603540559482
1.3489628825916535
1.352072563194277
1.355189412351036
1.358313446587154
1.3614446824659499
1.3645831365889243
1.3677288255958489
1.3708817661648536
1.3740419750125148
1.3772094688939462
1.3803842646028845
1.3835663789717807
1.3867558288718882
1.389952631213353
1.3931568029453028
1.3963683610559372
1.3995873225726179
1.402813704561958
1.4060475241299135
1.4092887984218745
1.412537544622754
1.4157937799570812
1.419057521689092
1.4223287871228194
1.425607593602188
1.4288939585111027
1.432187899273543
1.4354894333536556
1.438798578255845
1.4421153515248684
1.4454397707459272
1.4487718535447613
1.452111617587742
1.4554590805819656
1.458814260275348
1.4621771744567178
1.4655478409559113
1.4689262776438665
1.4723125024327186
1.475706533275894
1.479108388168207
1.4825180851459532
1.4859356422870067
1.489361077710915
1.4927944095789958
1.496235656094433
1.499684835502373
1.503141966090022
1.5066070661867417
1.510080154164148
1.5135612484362078
1.5170503674593363
1.5205475297324953
1.5240527537972908
1.5275660582380721
1.5310874616820298
1.534616982799294
1.5381546403030344
1.541700452949559
1.5452544395384136
1.548816618912481
1.5523870099580819
1.555965631605074
1.5595525028269532
1.5631476426409536
1.5667510701081486
1.570362804333552
1.573982864466219
1.5776112696993483
1.581248039270383
1.5848931924611132
1.5885467485977784
1.5922087270511698
1.5958791472367324
1.5995580286146684
1.6032453906900412
1.606941253012877
1.6106456351782699
1.6143585568264858
1.6180800376430653
1.6218100973589293
1.6255487557504833
1.629296032639722
1.6330519478943337
1.636816521427808
1.6405897731995387
1.644371723214931
1.6481623915255077
1.6519617982290145
1.6557699634695275
1.6595869074375602
1.663412650370169
1.6672472125510622
1.6710906143107072
1.6749428760264369
1.6788040181225599
1.6826740610704667
1.6865530253887404
1.6904409316432636
1.6943378004473277
1.6982436524617437
1.70215850839495
1.706082389003123
1.710015315090287
1.7139573075084247
1.7179083871575875
1.7218685749860063
1.725837891990203
1.729816359215101
1.7338039977541373
1.737800828749375
1.7418068733916134
1.7458221529205034
1.7498466886246564
1.7538805018417607
1.757923613958692
1.7619760464116285
1.7660378206861638
1.7701089583174205
1.7741894808901653
1.7782794100389223
1.7823787674480889
1.7864875748520501
1.7906058540352936
1.7947336268325258
1.7988709151287872
1.8030177408595682
1.8071741260109264
1.811340092619602
1.8155156627731348
1.8197008586099828
1.8238957023196372
1.828100216142742
1.832314422371211
1.8365383433483458
1.8407720014689553
1.845015419179473
1.8492686189780776
1.8535316234148107
1.8578044550916977
1.8620871366628668
1.8663796908346693
1.8706821403657998
1.874994508067418
1.879316816803268
1.8836490894898
1.8879913490962945
1.8923436186449765
1.8967059212111474
1.901078279923301
1.9054607179632483
1.909853258566239
1.9142559250210869
1.9186687406702905
1.9230917289101594
1.927524913190937
1.931968317016925
1.9364219639466083
1.9408858775927793
1.945360081622664
1.9498445997580465
1.9543394557753957
1.958844673505991
1.9633602768360479
1.967886289706846
1.972422736114855
1.976969640111862
1.9815270258050994
1.9860949173573728
1.9906733389871878
1.9952623149688808
1.9998618696327453
2.0044720273651624
2.0090928126087295
2.0137242498623893
2.018366363681562
2.0230191786782727
2.0276827195212834
2.032357010936223
2.0370420777057197
2.0417379446695305
2.0464446367246754
2.051162178825567
2.0558905959841427
2.0606299132700014
2.0653801558105305
2.070141348791043
2.074913517454911
2.079696687103697
2.08449088309729
2.0892961308540405
2.094112455850894
2.098939883623525
2.1037784397664767
2.1086281499332906
2.1134890398366477
2.118361135248503
2.1232444620002204
2.128139045982713
2.1330449131465774
2.137962089502233
2.14289060112006
2.147830474130535
2.1527817347243743
2.1577444091526674
2.1627185237270217
2.167704104819696
2.1727011788637456
2.1777097723531598
2.1827299118430026
2.187761623949554
2.1928049353504497
2.197859872784826
2.2029264630534575
2.208004733018901
2.2130947096056386
2.2181964198002198
2.223309890651404
2.2284351492703047
2.233572222830533
2.2387211385683408
2.243881923782767
2.249054605835782
2.2542392121524304
2.259435770220979
2.264644307593061
2.269864851883823
2.2750974307720715
2.280342072000419
2.2855988033754313
2.290867652767774
2.296148648112363
2.3014418174085094
2.3067471887200703
2.312064790175596
2.3173946499684797
2.322736796357108
2.328091257665009
2.3334580622810037
2.338837238659356
2.3442288153199233
2.3496328208483086
2.355049283896011
2.360478233180578
2.3659196974857593
2.3713737056616564
2.3768402866248777
2.3823194693586913
2.387811282913179
2.393315756405389
2.3988329190194917
2.404362800006935
2.4099054286865957
2.4154608344449415
2.4210290467361792
2.4266100950824163
2.4322040090738164
2.4378108183687535
2.443430552693973
2.4490632418447467
2.4547089156850315
2.460367604147628
2.4660393372343403
2.471724145016131
2.4774220576332864
2.4831331052955714
2.488857318282392
2.494594726942956
2.5003453616964326
2.5061092530321147
2.511886431509581
2.5176769277588567
2.5234807724805757
2.5292979964461457
2.535128630497909
2.540972705549306
2.546830252585042
2.552701302661248
2.558585886905647
2.5644840365177184
2.570395782768865
2.5763211570025764
2.582260190634597
2.588212915153093
2.594179362118815
2.6001595631652727
2.6061535499988966
2.6121613543992073
2.618183008218986
2.6242185433844427
2.6302679918953826
2.6363313858253807
2.6424087573219475
2.6485001386067015
2.6546055619755404
2.6607250597988106
2.666858664521481
2.673006408663312
2.6791683248190328
2.6853444456585085
2.691534803926917
2.697739432444921
2.703958364108845
2.7101916318908437
2.7164392688390837
2.722701308077913
2.728977782808042
2.735268726306713
2.7415741719278834
2.747894153102398
2.7542287033381676
2.760577856220347
2.7669416454115128
2.773320104651842
2.77971326775929
2.7861211686297715
2.792543841237339
2.798981319634364
2.805433637951715
2.8119008303989417
2.818382931264455
2.824879974915708
2.83139199579938
2.837919028441557
2.8444611074479167
2.85101826750391
2.857590543374948
2.8641779699065815
2.870780582024692
2.87739841473567
2.884031503126607
2.8906798823654767
2.897343587701324
2.9040226544644514
2.9107171180666063
2.9174270140011678
2.9241523778433365
2.9308932452503216
2.937649651961532
2.944421633798762
2.9512092266663865
2.958012466551547
2.964831389524343
2.9716660317380272
2.978516429429191
2.9853826189179604
2.99226463660819
2.999162518987652
3.006076302628232
3.0130060241861223
3.0199517204020174
3.026913428101307
3.0338911841942715
3.04088502567628
3.047894989627984
3.054921113215514
3.061963433690678
3.069021988391158
3.076096814740709
3.083187950249355
3.0902954325135914
3.097419299216581
3.1045595881283563
3.1117163371060186
3.118889584093938
3.126079367123956
3.1332857243155865
3.1405086938762183
3.1477483141013165
3.1550046233746274
3.16227766016838
3.169567463043492
3.1768740706497716
3.1841975217261256
3.1915378551007625
3.198895109691399
3.2062693245054663
3.213660538640318
3.2210687912834355
3.2284941217126364
3.2359365692962836
3.2433961734934935
3.2508729738543445
3.2583670100200885
3.265878321723359
3.273406948788383
3.2809529311311914
3.2885163087598315
3.2960971217745785
3.303695410368149
3.311311214825912
3.3189445755261047
3.326595532940046
3.3342641276323506
3.3419504002611435
3.3496543915782775
3.3573761424295476
3.365115693754908
3.37287308658869
3.380648362059817
3.3884415613920265
3.3962527259040853
3.40408189701001
3.4119291162192864
3.4197944251370895
3.4276778654645046
3.4355794789987475
3.443499307633386
3.451437393358564
3.4593937782612207
3.4673685045253175
3.4753616144320594
3.483373150360119
3.4914031547858624
3.499451670283573
3.5075187395256813
3.5156044052829816
3.5237087104248728
3.53183169791957
3.539973410834348
3.548133892335755
3.5563131856898544
3.5645113342624426
3.5727283815192896
3.5809643710263606
3.5892193464500526
3.5974933515574232
3.6057864302164244
3.6140986263961334
3.6224299841669865
3.630780547701014
3.6391503612720717
3.6475394692560785
3.6559479161312494
3.664375746478333
3.672823004980847
3.681289736425315
3.6897759857015036
3.6982817978026628
3.7068072178257605
3.715352290971726
3.7239170625456857
3.732501577957206
3.741105882720534
3.7497300224548358
3.758374042884442
3.767037989839089
3.7757219092541607
3.7844258471709336
3.7931498497368197
3.801893963205613
3.810658233937731
3.8194427084004663
3.8282474331682272
3.8370724549227884
3.8459178204535363
3.8547835766577188
3.8636697705406924
3.8725764492161727
3.881503659906483
3.8904514499428067
3.899419866765435
3.908408957924021
3.917418771077832
3.926449353995999
3.9355007545577756
3.944573020752785
3.9536662006812797
3.9627803425543955
3.971915494694404
3.981071705534973
3.9902490236214216
3.9994474976109755
4.008667176273029
4.0179081084894
4.027170343254592
4.036453929676051
4.045758916974427
4.055085354483839
4.064433291652128
4.073802778041128
4.0831938633269225
4.09260659730011
4.1020410298660686
4.111497211045223
4.120975190973302
4.130475019901614
4.139996748197304
4.149540426343631
4.1591061049402205
4.168693834703355
4.178303666466218
4.187935651179184
4.1975898399100755
4.207266283844441
4.216965034285822
4.22668614265603
4.2364296604954115
4.246195639463129
4.2559841313374305
4.265795188015927
4.275628861515862
4.285485203974395
4.295364267648873
4.305266104917107
4.3151907682776525
4.325138310350087
4.335108783875289
4.345102241715716
4.355118736855686
4.36515832240166
4.375221051582521
4.385306977749857
4.395416154378245
4.405548635065533
4.4157044735331255
4.425883723626265
4.436086439314326
4.446312674691087
4.456562483975033
4.466835921509632
4.477133041763626
4.487453899331322
4.49779854893288
4.508167045414602
4.518559443749224
4.528975799036208
4.539416166502032
4.549880601500486
4.560369159512962
4.570881896148751
4.581418867145335
4.591980128368687
4.6025657358135605
4.613175745603794
4.623810213992603
4.634469197362881
4.645152752227495
4.65586093522959
4.666593803142887
4.677351412871983
4.688133821452653
4.698941086052154
4.709773263969529
4.720630412635906
4.731512589614805
4.742419852602447
4.753352259428054
4.764309868054157
4.775292736576909
4.786300923226384
4.797334486366892
4.808393484497285
4.819477976251274
4.830588020397726
4.841723675840994
4.8528850016212095
4.864072056914616
4.875284901033862
4.886523593428336
4.897788193684462
4.90907876152603
4.920395356814509
4.931738039549358
4.943106869868354
4.954501908047901
4.96592321450336
4.977370849789359
4.9888448746001215
5.000345349769784
5.011872336272722
5.023425895223871
5.035006087879047
5.046612975635283
5.05824662003114
5.069907082747043
5.081594425605605
5.093308710571954
5.105049999754062
5.116818355403077
5.1286138399136485
5.14043651582426
5.152286445817564
5.1641636927207095
5.176068319505676
5.188000389289611
5.199959965335159
5.211947111050804
5.223961889991197
5.236004365857502
5.248074602497725
5.260172663907062
5.2722986142282275
5.284452517751804
5.296634438916578
5.3088444423098835
5.321082592667942
5.333348954876209
5.345643593969716
5.357966575133416
5.370317963702527
5.382697825162883
5.3951062251512765
5.407543229455809
5.420008904016238
5.432503314924332
5.445026528424211
5.457578610912709
5.470159628939716
5.482769649208537
5.495408738576246
5.508076964054034
5.520774392807573
5.533501092157366
5.546257129579107
5.559042572704036
5.5718574893192985
5.584701947368308
5.597576014951102
5.610479760324705
5.623413251903491
5.636376558259543
5.649369748123025
5.662392890382532
5.675446054085471
5.688529308438413
5.701642722807475
5.714786366718669
5.727960309858292
5.741164622073274
5.754399373371568
5.767664633922506
5.78096047405718
5.794286964268809
5.807644175213119
5.821032177708712
5.834451042737446
5.847900841444806
5.861381645140286
5.874893525297765
5.888436553555889
5.902010801718442
5.915616341754738
5.9292532457999965
5.942921586155725
5.956621435290104
5.970352865838367
5.984115950603195
5.997910762555093
6.011737374832779
6.025595860743576
6.039486293763797
6.053408747539135
6.067363295885053
6.081350012787178
6.09536897240169
6.109420249055719
6.123503917247733
6.137620051647941
6.1517687270986805
6.16595001861482
6.180164001384158
6.194410750767814
6.208690342300634
6.223002851691594
6.237348354824191
6.251726927756857
6.266138646723353
6.280583588133179
6.295061828571975
6.309573444801932
6.324118513762193
6.338697112569268
6.353309318517436
6.367955209079157
6.382634861905486
6.39734835482648
6.412095765851615
6.426877173170196
6.441692655151772
6.456542290346555
6.471426157485831
6.486344335482383
6.501296903430906
6.516283940608426
6.531305526474723
6.546361740672749
6.561452663029053
6.576578373554204
6.591738952443213
6.6069344800759575
6.622165037017619
6.637430704019086
6.652731562017413
6.668067692136218
6.6834391756861455
6.698846094165262
6.714288529259523
6.729766562843182
6.745280276979224
6.760829753919822
6.776415076106756
6.79203632617185
6.807693586937419
6.8233869414167
6.839116472814298
6.85488226452662
6.870684400142326
6.886522963442766
6.902398038402424
6.918309709189369
6.934258060165696
6.950243175887973
6.966265141107692
6.982324040771719
6.99841996002274
7.014552984199717
7.03072319883834
7.046930689671474
7.063175542629625
7.079457843841384
7.095777679633893
7.112135136533295
7.1285303012652
7.144963260755138
7.161434102129025
7.177942912713623
7.194489780037
7.2110747918290015
7.2276980360217085
7.244359600749906
7.2610595743515525
7.277798045368246
7.294575102545693
7.31139083483418
7.328245331389046
7.345138681571155
7.3620709749473665
7.379042301291015
7.396052750582384
7.413102413009181
7.430191378967019
7.447319739059896
7.464487584100671
7.481695005111549
7.498942093324564
7.51622894018206
7.533555637337179
7.550922276654345
7.568328950209749
7.585775750291844
7.603262769401824
7.620790100254126
7.638357835776913
7.655966069112569
7.673614893618195
7.691304402866102
7.709034690644306
7.726805850957029
7.744617978025191
7.7624711662869235
7.7803655103980445
7.798301105232594
7.8162780458833
7.834296427662124
7.852356346100722
7.870457896950993
7.888601176185548
7.906786279998255
7.925013304804722
7.943282347242819
7.961593504173192
7.979946872679771
7.998342550070289
8.016780633876795
8.035261221856176
8.053784411990671
8.072350302488386
8.090958991783827
8.109610578538412
8.128305161640997
8.1470428402084
8.16582371358593
8.184647881347903
8.203515443298187
8.222426499470716
8.241381150130028
8.260379495771792
8.279421637123347
8.29850767514423
8.317637711026714
8.336811846196348
8.356030182312486
8.37529282126883
8.39459986519398
8.413951416451956
8.43334757764276
8.452788451602904
8.47227414140597
8.491804750363144
8.51138038202377
8.5310011401759
8.550667128846838
8.570378452303702
8.590135215053962
8.609937521846012
8.629785477669708
8.649679187756938
8.669618757582173
8.689604292863024
8.709635899560812
8.729713683881121
8.749837752274367
8.770008211436354
8.790225168308849
8.810488730080147
8.830799004185634
8.85115609830836
8.871560120379614
8.89201117857949
8.912509381337461
8.933054837332959
8.953647655495944
8.974287945007491
8.994975815300357
9.015711376059574
9.036494737223022
9.057326008982008
9.07820530178186
9.099132726322521
9.120108393559102
9.141132414702508
9.16220490122
9.183325964835815
9.204495717531717
9.225714271547638
9.24698173938223
9.268298233793496
9.289663867799367
9.311078754678308
9.332543007969914
9.354056741475523
9.375620069258806
9.397233105646382
9.418895965228417
9.440608762859238
9.462371613657934
9.484184633008976
9.506047936562819
9.527961640236523
9.549925860214364
9.571940712948448
9.594006315159335
9.616122783836651
9.63829023623971
9.660508789898138
9.682778562612496
9.705099672454901
9.727472237769655
9.749896377173874
9.772372209558112
9.794899854086994
9.81747943019985
9.840111057611342
9.86279485631211
9.885530946569393
9.908319448927681
9.931160484209343
9.954054173515274
9.977000638225539
10.000000000000005
10.023052380779
10.046157902783957
10.069316688518045
10.09252886076685
10.115794542598987
10.1391138573668
10.16248692870696
10.185913880541175
10.209394837076802
10.232929922807546
10.256519262514079
10.280162981264741
10.303861204416163
10.32761405761398
10.351421666793442
10.375284158180131
10.399201658290595
10.423174293933046
10.447202192208003
10.471285480509001
10.495424286523226
10.519618738232234
10.543868963912592
10.56817509213659
10.592537251772892
10.616955571987253
10.641430182243164
10.665961212302584
10.690548792226583
10.71519305237607
10.739894123412451
10.764652136298356
10.789467222298292
10.814339512979387
10.83926914021204
10.864256236170656
10.889300933334338
10.914403364487566
10.939563662720943
10.964781961431852
10.990058394325214
11.01539309541415
11.040786199020735
11.066237839776663
11.091748152624014
11.117317272815914
11.142945335917304
11.168632477805613
11.19437883467152
11.220184543019636
11.24604973966927
11.271974561755105
11.297959146727981
11.324003632355572
11.350108156723154
11.37627285823431
11.40249787561169
11.428783347897719
11.45512941445536
11.481536214968829
11.508003889444362
11.534532578210923
11.561122421920993
11.587773561551263
11.614486138403432
11.641260294104914
11.66809617060963
11.694993910198711
11.72195365548131
11.748975549395297
11.776059735208078
11.803206356517299
11.830415557251653
11.857687481671602
11.88502227437019
11.91242008027375
11.939881044642737
11.967405313072437
11.994993031493793
12.02264434617413
12.05035940371798
12.078138351067803
12.10598133550483
12.133888504649775
12.161860006463685
12.189895989248667
12.217996601648723
12.246161992650489
12.274392311584078
12.302687708123818
12.331048332289097
12.359474334445107
12.387965865303697
12.416523075924113
12.445146117713856
12.473835142429433
12.502590302177207
12.531411749414161
12.560299636948754
12.589254117941675
12.618275345906712
12.647363474711517
12.67651865857846
12.705741052085418
12.735030810166617
12.76438808811344
12.793813041575246
12.823305826560219
12.852866599436155
12.882495516931343
12.91219273613534
12.941958414499863
12.971792709839558
13.001695780332906
13.031667784522993
13.061708881318419
13.09181922999407
13.121998990192035
13.152248321922384
13.182567385564074
13.212956341865752
13.24341535194665
13.273944577297396
13.304544179780914
13.33521432163324
13.365955165464426
13.39676687425935
13.427649611378643
13.458603540559483
13.48962882591654
13.520725631942772
13.551894123510364
13.583134465871542
13.614446824659504
13.645831365889245
13.677288255958494
13.708817661648537
13.740419750125156
13.772094688939466
13.803842646028853
13.83566378971781
13.86755828871889
13.899526312133533
13.931568029453036
13.963683610559377
13.995873225726186
14.028137045619582
14.060475241299143
14.092887984218748
14.125375446227547
14.157937799570817
14.190575216890926
14.223287871228198
14.256075936021887
14.288939585111029
14.321878992735439
14.35489433353656
14.38798578255846
14.421153515248688
14.45439770745928
14.487718535447618
14.521116175877427
14.554590805819661
14.58814260275349
14.621771744567184
14.655478409559121
14.68926277643867
14.723125024327194
14.757065332758946
14.791083881682079
14.825180851459537
14.859356422870075
14.893610777109155
14.92794409578996
14.962356560944336
14.996848355023733
15.031419660900225
15.066070661867418
15.100801541641486
15.13561248436208
15.170503674593368
15.205475297324954
15.240527537972914
15.275660582380723
15.310874616820303
15.346169827992941
15.381546403030349
15.417004529495593
15.452544395384141
15.488166189124811
15.523870099580824
15.559656316050742
15.595525028269538
15.631476426409538
15.667510701081493
15.703628043335524
15.739828644662197
15.776112696993485
15.812480392703835
15.848931924611133
15.88546748597779
15.9220872705117
15.958791472367329
15.995580286146687
16.032453906900418
16.069412530128773
16.106456351782708
16.14358556826486
16.18080037643066
16.218100973589298
16.255487557504843
16.29296032639722
16.330519478943348
16.368165214278086
16.405897731995395
16.443717232149314
16.481623915255085
16.51961798229015
16.557699634695286
16.595869074375607
16.634126503701697
16.672472125510627
16.710906143107078
16.749428760264372
16.788040181225607
16.82674061070467
16.865530253887414
16.90440931643264
16.94337800447329
16.982436524617444
17.02158508394951
17.060823890031234
17.10015315090288
17.139573075084254
17.179083871575884
17.218685749860068
17.25837891990204
17.298163592151013
17.338039977541385
17.378008287493753
17.418068733916144
17.458221529205037
17.498466886246565
17.538805018417612
17.57923613958692
17.619760464116293
17.66037820686164
17.701089583174213
17.74189480890165
17.78279410038923
17.82378767448089
17.864875748520507
17.906058540352937
17.947336268325266
17.988709151287875
18.03017740859569
18.071741260109267
18.113400926196025
18.15515662773135
18.197008586099834
18.238957023196374
18.281002161427427
18.323144223712113
18.365383433483466
18.407720014689556
18.450154191794738
18.492686189780777
18.535316234148116
18.57804455091698
18.620871366628677
18.663796908346693
18.706821403658008
18.749945080674184
18.793168168032686
18.836490894898002
18.879913490962934
18.92343618644975
18.967059212111465
19.010782799232995
19.054607179632473
19.098532585662376
19.14255925021086
19.18668740670289
19.230917289101587
19.275249131909355
19.31968317016924
19.364219639466068
19.408858775927783
19.453600816226626
19.498445997580454
19.543394557753942
19.5884467350599
19.633602768360465
19.67886289706845
19.724227361148536
19.76969640111861
19.81527025805098
19.860949173573715
19.906733389871864
19.952623149688797
19.998618696327437
20.044720273651613
20.090928126087277
20.137242498623884
20.183663636815606
20.23019178678272
20.276827195212817
20.32357010936222
20.37042077705718
20.417379446695296
20.46444636724674
20.511621788255646
20.558905959841415
20.606299132699995
20.65380155810529
20.701413487910415
20.749135174549096
20.79696687103695
20.844908830972887
20.892961308540386
20.941124558508925
20.989398836235235
21.03778439766475
21.086281499332888
21.134890398366466
21.183611352485013
21.23244462000219
21.28139045982711
21.330449131465762
21.379620895022313
21.428906011200585
21.47830474130533
21.527817347243726
21.577444091526658
21.6271852372702
21.67704104819694
21.727011788637444
21.77709772353158
21.827299118430012
21.87761623949552
21.928049353504484
21.97859872784824
22.02926463053456
22.080047330188993
22.130947096056374
22.181964198002184
22.23309890651403
22.28435149270303
22.335722228305315
22.38721138568339
22.438819237827662
22.490546058357804
22.54239212152429
22.59435770220977
22.646443075930595
22.698648518838212
22.750974307720703
22.803420720004173
22.8559880337543
22.908676527677724
22.961486481123618
23.014418174085076
23.06747188720069
23.12064790175594
23.173946499684785
23.227367963571062
23.280912576650078
23.33458062281002
23.38837238659355
23.442288153199215
23.49632820848307
23.55049283896009
23.60478233180577
23.659196974857576
23.71373705661655
23.76840286624876
23.823194693586903
23.87811282913177
23.933157564053875
23.9883291901949
24.043628000069322
24.099054286865943
24.154608344449393
24.210290467361776
24.266100950824143
24.322040090738145
24.378108183687512
24.434305526939713
24.490632418447444
24.547089156850298
24.603676041476263
24.660393372343385
24.717241450161293
24.774220576332848
24.83133105295569
24.888573182823905
24.945947269429535
25.003453616964308
25.061092530321126
25.118864315095795
25.176769277588544
25.23480772480574
25.292979964461434
25.35128630497907
25.40972705549304
25.468302525850405
25.527013026612458
25.58585886905645
25.644840365177163
25.703957827688633
25.763211570025742
25.82260190634596
25.882129151530904
25.941793621188136
26.00159563165271
26.06153549998895
26.12161354399205
26.18183008218985
26.242185433844405
26.302679918953814
26.363313858253786
26.42408757321946
26.485001386066994
26.54605561975539
26.607250597988084
26.668586645214795
26.730064086633103
26.791683248190314
26.853444456585063
26.915348039269155
26.977394324449193
27.039583641088434
27.101916318908415
27.164392688390823
27.227013080779113
27.289777828080403
27.35268726306711
27.41574171927882
27.47894153102396
27.542287033381662
27.605778562203447
27.66941645411511
27.733201046518396
27.797132677592884
27.861211686297693
27.925438412373378
27.989813196343615
28.05433637951713
28.119008303989396
28.18382931264452
28.24879974915706
28.313919957993775
28.37919028441555
28.44461107447914
28.510182675039083
28.57590543374945
28.641779699065797
28.70780582024689
28.773984147356682
28.84031503126604
28.906798823654746
28.973435877013213
29.040226544644497
29.107171180666036
29.17427014001166
29.241523778433336
29.3089324525032
29.37649651961529
29.4442163379876
29.51209226666384
29.58012466551545
29.648313895243408
29.716660317380253
29.78516429429188
29.853826189179586
29.922646366081874
29.9916251898765
30.06076302628229
30.130060241861205
30.199517204020147
30.269134281013045
30.33891184194269
30.408850256762783
30.478949896279815
30.549211132155122
30.619634336906756
30.690219883911567
30.760968147407066
30.831879502493535
30.902954325135887
30.974192992165793
31.04559588128354
31.11716337106017
31.188895840939352
31.26079367123954
31.33285724315584
31.405086938762164
31.477483141013142
31.550046233746258
31.62277660168378
31.6956746304349
31.76874070649769
31.84197521726124
31.9153785510076
31.988951096913972
32.06269324505464
32.13660538640317
32.21068791283433
32.284941217126345
32.35936569296281
32.43396173493492
32.50872973854342
32.58367010020087
32.65878321723356
32.734069487883815
32.809529311311884
32.88516308759829
32.96097121774576
33.03695410368145
33.11311214825909
33.18944575526101
33.265955329400434
33.34264127632347
33.41950400261141
33.496543915782745
33.573761424295455
33.65115693754905
33.728730865886874
33.80648362059814
33.88441561392024
33.96252725904082
34.04081897010008
34.11929116219283
34.19794425137087
34.276778654645014
34.35579478998745
34.434993076333825
34.51437393358561
34.59393778261217
34.67368504525315
34.75361614432056
34.833731503601165
34.91403154785859
34.99451670283571
35.075187395256776
35.1560440528298
35.237087104248694
35.31831697919568
35.399734108343445
35.481338923357534
35.56313185689851
35.645113342624406
35.72728381519287
35.809643710263586
35.8921934645005
35.974933515574214
36.05786430216422
36.14098626396132
36.22429984166984
36.30780547701012
36.39150361272069
36.47539469256076
36.55947916131247
36.64375746478331
36.728230049808445
36.81289736425313
36.89775985701501
36.98281797802661
37.06807217825758
37.15352290971724
37.23917062545683
37.32501577957204
37.41105882720531
37.49730022454834
37.58374042884439
37.67037989839087
37.75721909254158
37.84425847170932
37.93149849736817
38.0189396320561
38.10658233937728
38.194427084004644
38.282474331682245
38.370724549227866
38.459178204535334
38.547835766577165
38.636697705406895
38.72576449216169
38.815036599064804
38.904514499428025
38.99419866765432
39.08408957924017
39.174187710778284
39.26449353995995
39.35500754557772
39.44573020752781
39.53666200681277
39.62780342554391
39.71915494694401
39.81071705534969
39.902490236214184
39.994474976109714
40.08667176273026
40.17908108489396
40.271703432545884
40.36453929676046
40.457589169744246
40.55085354483835
40.64433291652126
40.738027780411244
40.83193863326919
40.92606597300105
41.020410298660664
41.11497211045219
41.209751909733
41.304750199016105
41.39996748197302
41.495404263436264
41.591061049402185
41.68693834703351
41.783036664662156
41.879356511791805
41.97589839910073
42.07266283844437
42.169650342858205
42.26686142656026
42.36429660495409
42.46195639463126
42.559841313374285
42.65795188015923
42.7562886151586
42.85485203974392
42.953642676488705
43.052661049171036
43.1519076827765
43.251383103500835
43.35108783875287
43.45102241715712
43.55118736855683
43.65158322401656
43.75221051582518
43.85306977749854
43.954161543782426
44.0554863506553
44.15704473533123
44.25883723626262
44.36086439314323
44.46312674691084
44.565624839750306
44.66835921509628
44.77133041763623
44.87453899331318
44.97798548932877
45.081670454145986
45.18559443749221
45.28975799036204
45.39416166502028
45.498806015004824
45.603691595129575
45.708818961487474
45.8141886714533
45.91980128368683
46.02565735813556
46.13175745603791
46.238102139925985
46.34469197362877
46.4515275222749
46.55860935229586
46.66593803142882
46.77351412871979
46.88133821452648
46.98941086052151
47.097732639695245
47.20630412635902
47.315125896148004
47.42419852602443
47.533522594280484
47.64309868054154
47.75292736576904
47.863009232263806
47.97334486366887
48.08393484497282
48.19477976251269
48.30588020397723
48.41723675840989
48.528850016212076
48.64072056914612
48.7528490103386
48.86523593428331
48.97788193684459
49.09078761526027
49.20395356814506
49.317380395493544
49.43106869868351
49.54501908047898
49.65923214503358
49.77370849789356
49.88844874600119
50.003453497697805
50.118723362727195
50.23425895223866
50.35006087879045
50.46612975635279
50.58246620031137
50.69907082747039
50.81594425605602
50.933087105719494
51.0504999975406
51.16818355403073
51.286138399136455
51.40436515824256
51.52286445817562
51.64163692720705
51.760683195056735
51.88000389289607
51.99959965335157
52.119471110508
52.239618899911946
52.36004365857498
52.48074602497723
52.60172663907058
52.722986142282245
52.844525177517994
52.966344389165755
53.0884444230989
53.210825926679476
53.33348954876216
53.456435939697215
53.579665751334225
53.70317963702533
53.826978251628894
53.951062251512816
54.075432294558155
54.20008904016244
54.32503314924339
54.45026528424217
54.57578610912716
54.701596289397216
54.827696492085444
54.95408738576251
55.08076964054041
55.20774392807579
55.33501092157374
55.46257129579113
55.590425727040426
55.71857489319304
55.84701947368315
55.975760149511075
56.10479760324712
56.234132519034965
56.36376558259551
56.49369748123031
56.6239289038254
56.75446054085477
56.885293084384216
57.01642722807481
57.147863667186776
57.27960309858298
57.41164622073283
57.54399373371575
57.67664633922515
57.80960474057187
57.94286964268818
58.07644175213127
58.210321777087216
58.34451042737454
58.47900841444815
58.61381645140293
58.748935252977745
58.884365535558956
59.020108017184505
59.15616341754746
59.29253245800006
59.42921586155733
59.56621435290113
59.70352865838375
59.84115950603205
59.979107625551
60.117373748327886
60.25595860743584
60.39486293763807
60.53408747539142
60.67363295885062
60.813500127871855
60.953689724016996
61.09420249055727
61.23503917247743
61.376200516479486
61.5176872709869
61.659500186148286
61.80164001384167
61.94410750767821
62.08690342300644
62.230028516916015
62.37348354824198
62.51726927756865
62.66138646723359
62.805835881331866
62.95061828571981
63.09573444801939
63.241185137622
63.38697112569277
63.53309318517442
63.67955209079165
63.826348619054926
63.97348354826489
64.12095765851622
64.26877173170203
64.41692655151779
64.56542290346563
64.71426157485837
64.86344335482391
65.01296903430912
65.16283940608434
65.31305526474729
65.46361740672758
65.6145266302906
65.76578373554213
65.9173895244322
66.06934480075968
66.22165037017625
66.37430704019096
66.52731562017419
66.68067692136229
66.83439175686152
66.98846094165272
67.1428852925953
67.29766562843186
67.45280276979226
67.60829753919826
67.76415076106757
67.92036326171853
68.07693586937421
68.23386941416705
68.391164728143
68.54882264526624
68.70684400142328
68.86522963442769
69.02398038402426
69.18309709189373
69.34258060165698
69.50243175887977
69.66265141107694
69.82324040771722
69.98419960022741
70.14552984199722
70.3072319883834
70.46930689671478
70.63175542629627
70.79457843841388
70.95777679633895
71.121351365333
71.28530301265202
71.44963260755142
71.61434102129027
71.77942912713627
71.94489780037001
72.11074791829004
72.2769803602171
72.4435960074991
72.61059574351555
72.7779804536825
72.94575102545694
73.1139083483418
73.28245331389049
73.45138681571154
73.62070974947369
73.79042301291015
73.96052750582386
74.1310241300918
74.30191378967021
74.47319739059895
74.64487584100672
74.8169500511155
74.98942093324565
75.1622894018206
75.33555637337182
75.50922276654345
75.68328950209751
75.85775750291843
76.03262769401826
76.20790100254126
76.38357835776915
76.5596606911257
76.73614893618198
76.91304402866102
77.09034690644309
77.2680585095703
77.44617978025195
77.62471166286923
77.80365510398049
77.98301105232593
78.16278045883304
78.34296427662125
78.52356346100726
78.70457896950992
78.88601176185553
79.06786279998258
79.25013304804726
79.43282347242821
79.61593504173196
79.79946872679773
79.98342550070292
80.16780633876797
80.35261221856182
80.53784411990672
80.72350302488391
80.9095899178383
81.09610578538417
81.28305161640999
81.47042840208405
81.65823713585931
81.84647881347908
82.0351544329819
82.2242649947072
82.4138115013003
82.60379495771797
82.79421637123349
82.98507675144234
83.17637711026717
83.36811846196352
83.56030182312487
83.75292821268835
83.94599865193982
84.13951416451961
84.3334757764276
84.52788451602909
84.72274141405971
84.91804750363148
85.11380382023772
85.31001140175904
85.50667128846841
85.70378452303702
85.90135215053965
86.09937521846012
86.29785477669711
86.49679187756938
86.69618757582174
86.89604292863024
87.09635899560814
87.29713683881121
87.49837752274368
87.70008211436352
87.90225168308851
88.10488730080147
88.30799004185636
88.51156098308361
88.71560120379617
88.9201117857949
89.12509381337463
89.33054837332958
89.53647655495946
89.74287945007491
89.9497581530036
90.15711376059575
90.36494737223023
90.57326008982007
90.78205301781865
90.99132726322522
91.20108393559106
91.41132414702508
91.62204901220007
91.83325964835815
92.04495717531722
92.25714271547638
92.46981739382234
92.68298233793499
92.89663867799372
93.1107875467831
93.32543007969919
93.54056741475526
93.75620069258811
93.97233105646384
94.18895965228423
94.4060876285924
94.62371613657939
94.84184633008978
95.06047936562824
95.27961640236526
95.49925860214368
95.71940712948451
95.9400631515934
96.16122783836654
96.38290236239715
96.60508789898141
96.827785626125
97.05099672454904
97.2747223776966
97.49896377173877
97.72372209558117
97.94899854086997
98.17479430199855
98.40111057611345
98.62794856312115
98.85530946569396
99.08319448927686
99.31160484209346
99.5405417351528
99.7700063822554
100.0000000000001