0.23556265535562007
0.2870095989190268
0.3480311325110461
0.4201180028496487
0.5049402629971919
0.6044133320140473
0.7205236754576675
0.8558677312686261
1.0128536112039912
1.1944929768835475
1.404047207718647
1.6450708845840538
1.9215725503011425
2.237863236039592
2.5988269042179732
3.009825956439556
3.476442949482171
4.0052470747491435
4.603168413454674
5.277893905810978
6.037370035005621
6.890926175284608
7.848270066607204
8.919991454633939
10.117606103521016
11.453537433068469
12.941600512685422
14.59581422140803
16.43237568578863
18.468433770115166
20.721130725703013
23.211656209413157
25.95884655355763
28.987493275125022
32.32077556288494
35.98522929111401
40.00740637225339
44.41765227080339
49.24582101281235
54.53155668640761
60.30464001240007
66.60526839099639
73.47500113809997
80.9563866748421
89.09691717335177
97.9436002593942
107.55125445882717
117.97288332105344
129.26623830426462
141.49835737859357
154.72834647439106