0.942241862281489
0.9887984940217558
1.0357611241241358
1.0830891644245553
1.1307491048767238
1.1786829790761806
1.2268316316238579
1.2751787906849994
1.3237099148989002
1.37235930317078
1.4210524039948453
1.469835793044906
1.5191480905726154
1.5675612823512828
1.6163989594078225
1.6652096423390026
1.7139297449259498
1.7625686942565657
1.8110916016866077
1.859485899839886
1.9077385263013578
1.955832713530663
2.0037490407478415
2.0514759409315686
2.0989955949035277
2.146299207324953
2.1933709657968383
2.240204972300034
2.286798006250599
2.3331205307942424
2.3791669411903698
2.424950753467907
2.470447460879961
2.51565679850297
2.5605669592403046
2.6051732405630945
2.6494797210828462
2.6934762960656964
2.7371630543734993
2.7805304878642447
2.823537814873202
2.8662636970748157
2.908630523678766
2.950717326577207
2.992490594758089
3.0339082312329055
3.074986427610188
3.1157416106160283
3.156152131107859
3.196246933796922
3.2359834341152665
1.093228899655777
1.148033106468359
1.2033595247089848
1.2591766264445237
1.3154041902045899
1.372044744644126
1.428961048089686
1.486186181553106
1.5436213237140628
1.60126493051997
1.659063831210037
1.7169578083989123
1.7749525597599112
1.8329986689353819
1.8910991636632475
1.9491405843338925
2.0071636891396603
2.065106670780314
2.1229652519466518
2.1806994681162335
2.2383003814241476
2.29573918920022
2.3530069845183936
2.4100765055436972
2.466940469357396
2.5235806848535516
2.579963214767041
2.6360864015536905
2.6919493094304014
2.74752175975166
2.8028007002083037
2.857777974564551
2.9124792685066914
2.9668165022991158
3.0208193283225184
3.0744976462451
3.127835955330131
3.180833310793094
3.233422146087198
3.285701313575377
3.337603003978138
3.3891372491932645
3.44029679735099
3.4910862633373743
3.5408424376675143
3.591531619962336
3.6411771567194253
3.690440991968577
3.7393145569720376
3.7878064492908554
3.8359159016799116
1.2630333237655198
1.327230177088146
1.3921375990124718
1.4576292257255976
1.5236980294811433
1.5902294744369827
1.6571867077842277
1.724548429925852
1.7922362976319843
1.860201602099343
1.9283690268385851
1.9967523297235583
2.065317531968592
2.13396075323121
2.2026634799874163
2.2713952484801876
2.3401069345482597
2.4088080082091974
2.4774371733499163
2.545967557306428
2.614378812249512
2.6826413374103315
2.750723545700869
2.818634800607051
2.8863128148813537
2.9537463864769355
3.0209360291974874
3.087886597204276
3.1545156497430287
3.2208416986058728
3.28684587863482
3.3525269113244374
3.4178606713072948
3.482844296128721
3.5474606734507446
3.611672666378841
3.675494891527445
3.738991174591403
3.802060786717122
3.8647265611190034
3.9269779506785225
3.9888320325983546
4.0502739921619035
4.111267250825039
4.171790427710615
4.23190520794039
4.291592760946232
4.350840944768636
4.409640415251625
4.4680101351110535
4.525934926636523
1.4533381083814165
1.52824283911456
1.6039704158154406
1.6804865640277797
1.7577028442553968
1.8355590386642937
1.9140053124919294
1.9929279793578554
2.072294976534498
2.1520174992909316
2.232137166054338
2.3125057935820785
2.3930963433634056
2.4738691654247296
2.554761404274584
2.6357513937081953
2.7167727357908604
2.7978262823192477
2.878835121209293
2.959778344546734
3.040639979512871
3.121355925915732
3.2019353625400946
3.2823203719002025
3.36251083766045
3.4424365558173764
3.5220908340714265
3.601485533471522
3.6805613997709905
3.7593221650409583
3.8377462195320815
3.9158281521112457
3.9934595011554617
4.070760459490806
4.147672122093011
4.224137154767837
4.300216388034846
4.375942875349039
4.4511516397353414
4.525902872262942
4.600194719292091
4.6740065827668165
4.747349470887001
4.820221883370205
4.892606803692231
4.964494823747513
5.035874257347354
5.106763633165756
5.1771608509067555
5.2470363189440015
5.316421304422063
1.6659781578962396
1.7529276151012414
1.8409395576244583
1.9299452197718496
2.0198177382284883
2.110513029956842
2.2019439515079497
2.294017069356128
2.38667192813381
2.4798628858013756
2.5735008273391586
2.6675201792011634
2.7618653423035338
2.856471750336487
2.9512978639272025
3.046293723453761
3.1413760822068837
3.236558361125751
3.331770363421459
3.426988517275156
3.5220960890134383
3.61712432297657
3.7120036854388307
3.8067029715197527
3.90121946710507
3.9954992277853063
4.089554357903916
4.18326628717784
4.276697595597225
4.369786618750676
4.462523341182714
4.554885684230938
4.646705357866372
4.738251396822819
4.8293652198204535
4.920023350088671
5.0102576104532135
5.10001585221786
5.189340954736128
5.278098455437037
5.366448980722866
5.454114420463444
5.541294057654642
5.627939578407744
5.714021564489842
5.799535440679489
5.884527407711778
5.968950348988634
6.052686462230455
6.135968022784357
6.218668952173125
1.9027499118374644
2.003309040015865
2.1051880909814957
2.208258298738743
2.312442247978689
2.4176579596615415
2.523792456444999
2.63075965746911
2.7384859584364816
2.8468803124699193
2.955878321037417
3.0653978005547775
3.1753727841645376
3.285729083772145
3.3964111735748856
3.507358705109327
3.6185101339098624
3.729824393962073
3.8412404222522314
3.952591597550535
4.064026591994801
4.175337701754608
4.28659181271841
4.397699444118553
4.508639643700543
4.6193553105381895
4.729873850909214
4.840074589367913
4.949943115462948
5.0595936470959035
5.168697710622878
5.277474996866841
5.3858050490177005
5.493714191491516
5.601049935989231
5.70792154247876
5.814270615496356
5.9203010732779155
6.025717176006225
6.130592764539108
6.234897795624865
6.3387444808793045
6.441895643820058
6.544445353549534
6.6463481585407616
6.7476730084042735
6.848373072817227
6.948448891120755
7.047871643924796
7.146655897743028
7.244823654480464
2.1656623255737375
2.281515532060405
2.3989531623922553
2.517862475913259
2.6381442526984675
2.759713146103649
2.882442126282219
3.006211067145218
3.1309328453109186
3.256271140224299
3.3828908708373824
3.5099525557773026
3.637618589256687
3.7658469292508547
3.8944843466219368
4.0235554608610915
4.152840793991308
4.282380267947928
4.412137723743455
4.542016400923853
4.671920735269518
4.801840052904806
4.9318839802411585
5.06168586732645
5.191343689923314
5.3208165823009095
5.4500104348643665
5.578984790201092
5.706968686137356
5.835935236971577
5.963909550720632
6.091462569375063
6.218580734152734
6.345162684198023
6.471410652435032
6.597067432460826
6.722186784375663
6.846745958557796
6.9705988027565775
7.093993251606848
7.216772954434864
7.338922640324088
7.460426581583559
7.581234203440725
7.701401548091934
7.820891425928991
7.939681905246153
8.057639673379041
8.175187255726021
8.291963390998013
8.40788407110051
2.456733431253264
2.589714408963508
2.724570407232278
2.861245300222995
2.999593226674741
3.1395178190755906
3.2808619618207593
3.423547942500433
3.567425948565692
3.7123769172375294
3.858320672152653
4.005207256395424
4.152829872191387
4.301191955147911
4.450131773173295
4.59959423952806
4.749555648888424
4.899845578385698
5.0503973405963105
5.201088415613667
5.351938641501044
5.503065513382457
5.654112533042845
5.805134848208109
5.9560797132724534
6.1068717413151035
6.257462476276206
6.407772441543525
6.557850433543428
6.707639599118087
6.857032513248871
7.006005475631599
7.154531574204493
7.302582847065779
7.450098010277317
7.597100361162886
7.74354548610574
7.8893846183275915
8.03460867210095
8.179196347670556
8.323111045105867
8.466357144407004
8.608848492617868
8.750658586169058
8.891411919878148
9.031872424988316
9.171629976056028
9.310415576057771
9.448395142958471
9.585570461703474
9.721754171125855
2.7782304898940335
2.9302508013010016
3.0845869666368073
3.2411213043012777
3.3997232496109335
3.560187475973187
3.7224124837204977
3.8862441159232035
4.051563151073439
4.2182942000721395
4.386237026046833
4.555331542328776
4.725537138023476
4.896492151139735
5.068161926044026
5.2406712980337655
5.413794166671947
5.587434552423471
5.761523014690546
5.9359335857373186
6.110617708212967
6.28546130822474
6.460447165720694
6.635494177202266
6.810490268864322
6.985466467345263
7.160149833345456
7.334741208891308
7.509075416499857
7.683223719805418
7.856921737455426
8.030240005010757
8.203093640529767
8.375477933029757
8.547334533238088
8.718632185646708
8.889336771674433
9.05942044226804
9.228858231214545
9.397624339017188
9.565568339055776
9.732861210114368
9.899399348619742
10.065209985516562
10.230161001137118
10.394273113817933
10.557630174250113
10.71978257484009
10.881718510248897
11.042336030414809
11.201822378842994
3.1322994553459726
3.3055538557886917
3.4815781906599854
3.6602487344052617
3.841378458248079
4.024765063175815
4.210273035917987
4.397824734750497
4.587160851182481
4.77829115903751
4.970863891044469
5.164998456793242
5.3599582152417335
5.556359160049093
5.753843090114046
5.952241935530022
6.151440881373917
6.3513334058031665
6.5518427502775625
6.75284167054556
6.954260724536452
7.155992621992138
7.35798797863889
7.56011397214051
7.762321441963975
7.964409245412034
8.166533865357923
8.36853384708501
8.570352011524887
8.771969766560646
8.973195600161418
9.174058066463791
9.374470198805248
9.57445469812389
9.773894855896357
9.972774412910185
10.17102824137076
10.368641590175978
10.565560230310208
10.76168110776619
10.957121087962859
11.151867157558774
11.345687824424097
11.538511873937614
11.731038203378905
11.917368377203497
12.112520979579877
12.301913711567222
12.48999607411448
12.677588431491216
12.864483806335222
3.521353333286587
3.7181620656329546
3.918303107289374
4.121559689497136
4.327748229922967
4.536649733093021
4.748290258603307
4.9621786194139235
5.178165631238911
5.396277242459519
5.616343091050655
5.838140637921235
6.061553540582078
6.286422698229637
6.512631078219814
6.739990262050561
6.968403706988869
7.197693110081985
7.427833885120236
7.658679730890119
7.890133967648667
8.122067896975405
8.354377697222278
8.586938709397673
8.819627616607315
9.052546846260922
9.285478503272374
9.518344487986138
9.751103255482569
9.98378481241197
10.2160803375121
10.448018454225844
10.679572408248532
10.91065783881246
11.141250700964092
11.371475997805181
11.600707431372658
11.829330885892942
12.057383353393245
12.284355831740177
12.511698567163043
12.737353402828454
12.962144277684517
13.18592889529232
13.408862259895162
13.63088288441323
13.852052240771881
14.071690981065224
14.291017078851691
14.508904474634535
14.72575232498811
3.947775548260125
4.170679204872328
4.3974956662450255
4.62800230379077
4.86211172012107
5.099275765383114
5.3395961451472465
5.582786284646334
5.828609208269295
6.076988454226904
6.327658392172407
6.5804544002182315
6.83521291517308
7.091814257797081
7.350062014653598
7.609789336059596
7.870842151519478
8.133128649059621
8.396480339856737
8.660721957951548
8.925768328689736
9.191517644992386
9.45763176384055
9.724359305331737
9.991434399844357
10.258761474059343
10.52626768485501
10.793803217771814
11.061504009131797
11.328945160518828
11.59615264041665
11.863107885158277
12.129969733909684
12.396199022849395
12.661919633502128
12.9268895954516
13.191047139841537
13.455621308561886
13.718937271493862
13.980868316982912
14.242797943967151
14.503475800151472
14.763087936846611
15.022472573586255
15.276507364156647
15.536768407485772
15.792516044551475
16.047760933018253
16.30126533553155
16.55364692334539
16.804866390378322
4.414230047765189
4.665933986873697
4.922322591952653
5.182876420248689
5.4476107980985775
5.715651330118857
5.988469769808377
6.264147648288287
6.543050601373149
6.824902471545596
7.1094802852155885
7.396718420854545
7.68638108318447
7.978318106300867
8.272199463966214
8.568570597718972
8.865354307445987
9.164242770672809
9.464530047167502
9.76605679987221
10.06844849488355
10.371883161149684
10.676216222734201
10.981176447055121
11.286664726690573
11.592577067667754
11.899072434311753
12.205496404312065
12.511989265662399
12.81925789867444
13.125838361663028
13.432101158637431
13.738049333394303
14.043656725031132
14.3483079061081
14.653014675736468
14.957115635779306
15.260571695590418
15.563086497693536
15.865164592718445
16.166221978144073
16.466375815373365
16.76564017138631
17.06401116223801
17.360780218430154
17.65735828200703
17.952295342425483
18.246097796831933
18.538708411144476
18.830086764544742
19.120219319890083
4.923393026039271
5.206703525149841
5.495475283410295
5.789376216448945
6.088059005301995
6.391253123279881
6.698792684446377
7.01041677770011
7.325770218087994
7.644649089568763
7.966920362034942
8.292333821226757
8.620694930441962
8.951668593128744
9.285170654838138
9.620887556732448
9.957986169136353
10.298425031743259
10.639834125579851
10.982762374734127
11.327099010743451
11.672794457883413
12.019889713479518
12.367490899353498
12.715830618286779
13.064784996992783
13.4142249404084
13.76372747290142
14.114002524271653
14.464246010174305
14.814511427853699
15.164782029138216
15.51476019421202
15.864674179694969
16.214069012577816
16.562810109983477
16.911335222670857
17.25889871371238
17.606108147245763
17.95249491828433
18.2979453939471
18.64247723236481
18.986064325168005
19.327999768759362
19.669930167606168
20.010226780140293
20.349298538239005
20.687398633208648
21.02386462105126
21.35939145904323
21.692930658089573
5.477792969715842
5.796057248998561
6.120534551865163
6.4511168824233005
6.786974830388868
7.12783402608019
7.474777410963653
7.825928092668208
8.181585792221462
8.54141153131925
8.90530086440891
9.272884065181977
9.64404187823592
10.018233760290112
10.395490912090368
10.775552003299634
11.158378223595829
11.543846282234238
11.930910453561067
12.31999382722277
12.710588549975922
13.102898643721833
13.496295456566914
13.891204329987668
14.287150490118687
14.684011375870494
15.081647255056778
15.480064827313912
15.87872458691765
16.271288559033852
16.676772409503908
17.076264836948386
17.4754503440729
17.874303399235576
18.273022305507993
18.671414747327585
19.069590355646103
19.466894628889253
19.86352095619491
20.25945326890955
20.654488700661236
21.048331671088867
21.441968687331876
21.834163655616237
22.22526548104413
22.61548748639775
23.0036530607892
23.390865662116685
23.776857305367617
24.1614009586926
24.54469833825827
6.080542572620936
6.436714942973807
6.8006659514432
7.171209730105313
7.548295543706852
7.9321940043553845
8.32070227063856
8.715392105278012
9.115318444056623
9.520316102222877
9.930099372109392
10.344317378669308
10.762767424990493
11.185385093371892
11.611074205602899
12.040110947530701
12.47226374714707
12.906929000963157
13.344502804002387
13.784278608274779
14.226415751523788
14.670542494034967
15.11642356663796
15.563907500619868
16.005830450214777
16.462771335677843
16.913830355816934
17.36518971723121
17.818083379896702
18.270879828981176
18.724728568335713
19.178412805051046
19.632358113242002
20.08648284381419
20.540219307235247
20.99380969079359
21.44710435126487
21.899547712545886
22.351583539335778
22.802948869518275
23.252613248357413
23.703289482693123
24.151928432888695
24.5994899404134
25.045677020717772
25.49097172116669
25.935037713654996
26.378106396028123
26.81938173338372
27.259249130181377
27.69700636272695
6.734697274782271
7.132811099555476
7.539353426418471
7.953762801901444
8.375809239156586
8.805126530348451
9.241179254744488
9.68375192949686
10.13271758207731
10.587353374756074
11.047971590632754
11.513277235925647
11.983460833268522
12.457933758580193
12.93694099650768
13.419945525824847
13.89860158869439
14.396872476143216
14.89002845602068
15.38559473306849
15.884527044280384
16.385914816880895
16.88950302468036
17.395113614690874
17.90244813938662
18.41088775950785
18.922139734247718
19.43299548332318
19.945818567460357
20.459351103422406
20.973341289587903
21.488417728396332
22.00294955690779
22.517883612150225
23.032834040154828
23.547124505185984
24.061698929090618
24.575918292183424
25.08997390320356
25.602744493852114
26.115022904586645
26.626456431438093
27.137033272041545
27.64656574361421
28.155408857010478
28.662621327854364
29.168584221947103
29.67309803800553
30.175612617535627
30.677396878991157
31.177005438286812
7.442926611218731
7.886895265544432
8.340269636450852
8.802770823415761
9.273879837525964
9.753575328308049
10.241052309927325
10.736063252235558
11.238746433548714
11.747731196007344
12.262888418528824
12.784375179382138
13.311595747634616
13.84420598926863
14.38117800316935
14.923540866354235
15.470412928617861
16.021569831683237
16.57595311402837
17.134258881958207
17.695830421657924
18.26038101528757
18.827677566346715
19.397427037248683
19.969490448770316
20.543631399148403
21.119402863372812
21.696708878201008
22.275584450928474
22.855459521367205
23.436418994403
24.017965173577984
24.600140087723403
25.182780099373176
25.765779050848977
26.348975757095417
26.93144491811553
27.51330555037806
28.095923937871817
28.677506127079976
29.258608663699423
29.8390345965398
30.418432712410215
30.99680531586321
31.5739171415727
32.15023913206385
32.724342101386775
33.298283765276
33.870173134402044
34.440732002554505
35.00942529147376
8.208873866515876
8.702339186121213
9.206979046808783
9.721894588565842
10.246764319934268
10.781223513533623
11.325133083073752
11.877318880417546
12.437923255659111
13.00638647170924
13.582455182148614
14.16484181359378
14.754432902544051
15.350514987228175
15.952495201124345
16.56012561380554
17.172940807108926
17.790501396346134
18.41279676056006
19.039316889848298
19.67005355914823
20.30416051338671
20.940405992896753
21.580977318149294
22.223948800687857
22.871566174190804
23.51967936794886
24.169957334998703
24.82199999188519
25.47539410180942
26.129837561587966
26.785661288224723
27.442280205176274
28.09966223440563
28.75758131406421
29.415853317786066
30.073157242833364
30.73222019045876
31.3902061027833
32.0480985416686
32.70534708793993
33.36182709136564
34.01745445165546
34.672465799287956
35.325238284870274
35.97871652926
36.63012347213549
37.28007059853944
37.928468475877345
38.575403636441656
39.220605769417155
9.035506885604047
9.583111653803863
10.143158244923024
10.714644245572247
11.29869237076717
11.892944568891588
12.49775561823336
13.112441866885332
13.736170131956621
14.369579332255462
15.011786780759302
15.661319965566673
16.320196378184782
16.98571157940812
17.65732612166662
18.336330218711637
19.022364494588263
19.713364438914923
20.409753249310377
21.111199579786046
21.81742291149196
22.527388332263815
23.242767378118216
23.961018678754645
24.68254018044451
25.40748930109727
26.135158878435753
26.86544713559385
27.597844076216955
28.33228854810477
29.068353973024042
29.806004396420057
30.544916788066292
31.284699645462453
32.025214276003865
32.765783610515285
33.50865382345698
34.25075907083563
34.99266612310747
35.73446923595301
36.47596720570066
37.216970693291366
37.95708306628839
38.695586705508184
39.43506671352769
40.17288879708835
40.90908387790175
41.64391756073935
42.37735005831077
43.10760643426718
43.838713476549984
9.926407803749967
10.532515492352054
11.153380511569344
11.787266208804697
12.434157823174427
13.093564276385186
13.764228909159801
14.446861596067412
15.140847551544459
15.845193526194572
16.558826892554407
17.283341949643948
18.016127400951234
18.7574046369917
19.506906928166412
20.26400516205474
21.02826765938176
21.799245445005262
22.577490621160816
23.360473787011987
24.14951017577765
24.94308138986275
25.742928021453608
26.547036473570714
27.35451772085456
28.16594913104212
28.98118333954738
29.79935563758046
30.620257366664784
31.443549162857032
32.26930090307298
33.097005578145385
33.926371938853364
34.757131475426895
35.58839846749108
36.4224219958986
37.25618883494663
38.09060751315743
38.9169551468381
39.759807483963954
40.59427275340783
41.42705067838557
42.26200452185018
43.095304208642936
43.927457002945054
44.757651678381905
45.588874685677396
46.417645272434335
47.245077368614744
48.070078141500005
48.89418230847942
10.885332687890505
11.55518174938954
12.2409905778392
12.942142758903321
13.657401591025081
14.387537566742527
15.130603229283805
15.887992406622166
16.657341741058637
17.43885986824409
18.231750236475353
19.035338396209855
19.849229209935572
20.67349326383047
21.507115766282357
22.34943746779946
23.200043064198056
24.05868556068476
24.924862466251362
25.79804163038868
26.6769309413175
27.563513583947827
28.45554064942439
29.352603962829182
30.254483167802995
31.161324298222727
32.07192789605839
32.98644941001717
33.904674384603226
34.82580477592657
35.74985063069166
36.6763955631806
37.60545003823771
38.53533414369099
39.468829027663425
40.40271072367282
41.33766858565368
42.27347308632567
43.21009807321058
44.146863981776
45.08235151778102
46.019869999009224
46.95744793380408
47.89364852162075
48.829235285985085
49.7643386619066
50.6982095464787
51.62998693649806
52.56107158871636
53.490597980964864
54.41837729907548
11.915219379581846
12.653852762144837
13.409900694558273
14.18381830896541
14.973895084545015
15.781137177679446
16.603189255934378
17.440322573443336
18.29176691612004
19.157023666608943
20.03656378928773
20.925906622719147
21.82883120155021
22.74237534718651
23.66734195943453
24.602495148466097
25.5473752377095
26.501393244095024
27.463612464714675
28.435272443502765
29.413978967251275
30.40020958669709
31.39304298233971
32.392151123308395
33.39717777476161
34.40723177740181
35.42277765043271
36.443128223532376
37.4674825846617
38.49591060432883
39.527760103801086
40.56276272247633
41.59963527727367
42.64116703588468
43.68361777622112
44.72820190248128
45.77431771978039
46.82159832395352
47.8691904704018
48.918097050653756
49.96974853752387
51.0196012274137
52.069679081245155
53.11938910867692
54.16888241030637
55.217512946312915
56.265407631429326
57.31226032363623
58.357603128408186
59.40145439838961
60.443849715059436
13.019681490507976
13.832511088770724
14.665096685370978
15.51816711156452
16.389676530081083
17.27933672720418
18.18642675253916
19.10978183154771
20.051006344244122
21.0069263928983
21.97777351617305
22.962760271822813
23.96167960027892
24.973421356082195
25.997622632188193
27.033722140457275
28.080932963343898
29.138833492502954
30.20688464213659
31.284543139188447
32.371153286600496
33.46633698892426
34.56946474675972
35.67997686109149
36.796890163169415
37.92066414547203
39.05086650012851
40.186071452206626
41.327027276941635
42.472777460620144
43.622529183304025
44.77503957257459
45.93354436246908
47.094473600494425
48.25787842046183
49.42279292063621
50.591454822549565
51.76113860165234
52.930810751835594
54.10530799590735
55.278825704134356
56.45278341711514
57.627141340022334
58.80194933143195
59.97621838438844
61.15000890150168
62.32310269870761
63.49554685057738
64.66678570875582
65.83664297119563
67.00577906463182
14.203462391974835
15.096832773030284
16.012416820101667
16.94979390434378
17.908608247571394
18.88778269254122
19.886833754818348
20.90502675179159
21.941749763360235
22.99587231237218
24.067054028934155
25.154386573980904
26.257316271643074
27.37532871737359
28.50743960142164
29.65294614854398
30.811472764333043
31.982233069811254
33.16443993702896
34.35782698770647
35.569618272491994
36.77590155348286
37.9988978441151
39.23039379641227
40.47016676997525
41.71792121775146
42.97272014557206
44.234371503074236
45.50220329713427
46.77554048582573
48.05283079323659
49.33734810638828
50.62510628715829
51.916915415001256
53.21202387760807
54.51040111966533
55.81151706234571
57.11311304921729
58.42157750561001
59.7286231652753
61.03768049234082
62.34757663644959
63.649111820088336
64.96950868956404
66.28068669543794
67.59203144965667
68.90281338193932
70.21352633376763
71.52239711898471
72.83071984179092
74.13828071429494
15.470585277942446
16.44978287347591
17.454277152499976
18.48315655862393
19.536171270202562
20.612047842913054
21.710541682205992
22.830050511871697
23.970791397886803
25.131325839221223
26.31075547189985
27.508985429129243
28.72465688736367
29.9572998420322
31.20587935038345
32.47018123371609
33.74923214454259
35.04218679667242
36.34865932138883
37.668353102157326
38.99970851918878
40.342340905777355
41.695664340404775
43.05904482517325
44.43237131583994
45.81501535643725
47.20553257215533
48.60393939383446
50.009615760829796
51.42092911933817
52.839848759181464
54.26580635329036
55.69582120821181
57.13075018426243
58.56993606369714
60.01355139656401
61.46037130250222
62.91041865263393
64.36297210086371
65.81799830979294
67.27502624689505
68.73362625375054
70.19328350391788
71.65414440063255
73.11595023403824
74.57764132405575
76.0387794235778
77.49994552988156
78.9610881685798
80.42116484552872
81.8794108163342
16.824319709428742
17.89601442209114
18.996015617660145
20.12365580876823
21.278370889144785
22.458235160919696
23.663364976066795
24.892417749569663
26.14551136087039
27.420544930274193
28.717162062859405
30.034655621306662
31.37225205627708
32.728960620365676
34.10404429297326
35.4966361244354
36.90621829742136
38.33179623649136
39.772899420732934
41.22881560022449
42.69820253903329
44.18046108957704
45.67509004517263
47.18208149726728
48.7006202586789
50.22890947715586
51.76699734676032
53.31445508300311
54.8691071185586
56.43451822110544
58.006097441510484
59.584578412909984
61.16939048176992
62.76007842687403
64.35635705655568
65.95718522617331
67.56283338226817
69.17223041947977
70.7851180202988
72.40122766722774
74.01963576216072
75.64060985254565
77.26379906779565
78.8879076905572
80.51271710456248
82.1390000688787
83.76539467934182
85.39145849158385
87.01805232121227
88.64370784152035
90.2685566604793
18.26903526755861
19.44029009256591
20.643187952643082
21.876884849849628
23.1399232626683
24.432172148669586
25.752265072054424
27.099487338644703
28.472845038561065
29.87150075166554
31.294549091023182
32.74100884884503
34.20999073769556
35.7005778770136
37.212078896589254
38.743599883790765
40.29417401125407
41.86366012840849
43.45021367241904
45.05314466155484
46.67183454146318
48.305331690770146
49.95359486096778
51.61579232288183
53.290914182415264
54.97770938125513
56.67614397552001
58.38504245456863
60.103723627468625
61.83257494957289
63.569845211834696
65.31514546257266
67.06834092094053
68.82888548644779
70.59543617837907
72.36474905604197
74.14577648217376
75.92940421993403
77.71679042960834
79.5082337533882
81.3033342951215
83.10052689671491
84.90071136216996
86.70360500822913
88.50750222101564
90.3124423951084
92.1187095343009
93.92545352702861
95.73284221249953
97.53942162973294
99.34581477417473
19.80906889952211
21.08708497277117
22.39995629452076
23.74704811514283
25.127512799574383
26.540186064442672
27.983678660162294
29.457779025386724
30.961084201246635
32.49269367797383
34.05154767995542
35.636765704451115
37.24755985093136
38.88242087193239
40.54069463570856
42.22295974231082
43.92569792632824
45.649713126658106
47.3928083480287
49.155349241682565
50.93558000377127
52.73336670371446
54.54775995621337
56.376619208939
58.219725788986466
60.07974008493667
61.95165127730328
63.83566679880018
65.73152725151421
67.63826534703243
69.55447611602365
71.48125496958386
73.41757479745227
75.36183959352957
77.31383685964781
79.27340623000627
81.23906857693962
83.21107235881443
85.1894910289325
87.17104423160715
89.15729205374839
91.14706611193103
93.14042938949123
95.13618139007754
97.13467893014953
99.13561680890108
101.1376838166703
103.14125498217847
105.14580754208185
107.14916651134806
109.15360380374344
21.449008444998025
22.841175989060087
24.272340501815442
25.743595559394237
27.247032976721417
28.788721927887824
30.36522364257981
31.975152238138204
33.6178973275222
35.292372773440256
36.99756112666943
38.73202462401223
40.49510079261006
42.28550001695035
44.10264832139658
45.945088573058655
47.81205893813562
49.70246167612302
51.61504459350545
53.549118244855954
55.50428676240118
57.4786306366683
59.471633202264805
61.48249559941415
63.51060551761344
65.55495666746845
67.61175813026853
69.68677719712112
71.77378232772766
73.87323692760576
75.98575238200544
78.10921627442514
80.24331467164069
82.38683421570363
84.53969138476764
86.70141576955803
88.8712017991703
91.04703347331869
93.23005123369659
95.41903092744185
97.61347583802196
99.81221484339486
102.01560907165133
104.22289442008295
106.43366986157501
108.64696695164757
110.8625767630488
113.07878700187023
115.29762824582373
117.51728804680727
119.73682294042743
23.1931087273599
24.707721929783382
26.264927187020284
27.864373058314502
29.50421682961633
31.184284528170025
32.90275843196467
34.659128582111485
36.45151605078235
38.2792561219889
40.14100196009013
42.03580586161637
43.96251039555249
45.92026985207367
47.90754767138498
49.923731982873974
51.967074354585144
54.036832195742576
56.13185776333582
58.25179118483952
60.39454566637855
62.55970823294443
64.74587292090858
66.95242242237777
69.17856029644992
71.4203224718104
73.68392625232421
75.96186344404138
78.25513262029308
80.5640809851568
82.88689325979273
85.2223080037644
87.57017756006668
89.93014776296201
92.29541316081176
94.68097786678561
97.07024327905022
99.46895366801915
101.87517389094054
104.28865760701862
106.70814725336949
109.13405800661174
111.56550037170636
114.00149249825053
116.44213280144074
118.88525507679954
121.3325527789813
123.78217473970763
126.23395148277102
128.68706590739833
131.14163385211788
25.046047133628726
26.693962828159325
28.38283544013437
30.12202931698178
31.90600248780325
33.73264149123622
35.604343789133615
37.51679533326773
39.4695694903887
41.46176191489077
43.491583638527665
45.55885992237897
47.66119753206716
49.79864648685319
51.96855851784761
54.170922242125414
56.403947241381125
58.66690187502151
60.958165478413896
63.27694875829296
65.62174417515169
67.99231799449568
70.38650892114637
72.80342776497287
75.24262247750703
77.70224393735293
80.18203965967564
82.6822462463258
85.19786705063018
87.73179545574398
90.28169289175449
92.84659364323298
95.42662603754539
98.01920702195396
100.62441115291936
103.24196614579701
105.87040408824043
108.50844575348583
111.13231720570964
113.81210622479652
116.47668274323968
119.15083010821793
121.82684437699098
124.51110416671531
127.19967091475593
129.89405343438455
132.59296363798825
135.29529641952993
138.00038620413153
140.70753652883056
143.41680245430265
27.012730904549738
28.796779312216916
30.63213764858201
32.52059142090545
34.4577517024936
36.44396673247388
38.47755904524076
40.55706694563691
42.68149940619271
44.84940395482325
47.05979290361319
49.311037750072714
51.60091762546332
53.93113986482514
56.297806649959334
58.6997524798299
61.13722047691337
63.606861564016654
66.10964478117097
68.64226934922755
71.20457759401816
73.79519412167956
76.41302584424251
79.05659819655739
81.72554571408361
84.41779502776045
87.13264496344188
89.86927055603537
92.62620213353063
95.40236714118774
98.19817693048057
101.0107045269097
103.8393368653385
106.68384778015206
109.54344777045627
112.41629814242137
115.30203706366342
118.19929034008922
121.10805849108107
124.02704898261341
126.95608644017527
129.8937177222524
132.8382033568259
135.7918237563472
138.75141078551687
141.71664194125609
144.68682893453496
147.66205879773946
150.64113250804468
153.62360609067352
156.60836642038277
29.097777794466978
31.030307888333148
33.02013317514115
35.06656811783449
37.16756664972711
39.322500140580175
41.52928169494807
43.7876639201315
46.096009584025076
48.45155977288019
50.8549853758293
53.303700572850616
55.79585675603066
58.331977019975504
60.90805330249893
63.5243604913367
66.1788279380394
68.8716067509829
71.59946589353562
74.3620482357437
77.15757482721529
79.98511706704562
82.84347066069539
85.73028179485118
88.64559487623798
91.5873235383969
94.55497027279607
97.54731494450564
100.56325358954415
103.60219652054953
106.66110815351188
109.73978636902305
112.83806849966733
115.95427921320642
119.08709729089395
122.23588544937056
125.39906441399647
128.57631295184103
131.76919788392507
134.96937218542044
138.18329326644601
141.40813872360607
144.64235636329371
147.88554854331292
151.13641206281108
154.39449693591268
157.65892068430946
160.92952222376277
164.20508599206724
167.48514207083426
170.7690652175437
31.306485801782067
33.39665906115816
35.55015725558321
37.765331237013484
40.04128394779324
42.37594851954704
44.76876062325473
47.21756342219215
49.72008565946553
52.276821251198605
54.88561354274644
57.545229531523944
60.25387183599889
63.0088935923085
65.81040507195699
68.6565896086455
71.54521258323823
74.47548520841937
77.44517281510238
80.45437969186547
83.4913232231739
86.58102383664453
89.69651655046701
92.84506477777893
96.02506779108853
99.23140561234756
102.47449653701457
105.74223850520121
109.03610172860608
112.35617592303196
115.69917961221296
119.06502254313403
122.45242831980978
125.85162586832456
129.28769399314638
132.73297003261538
136.19452242653716
139.67446727691808
143.16896778465187
146.67653925478058
150.19870168104788
153.73296243372124
157.27915070961788
160.83499306708532
164.40102751486074
167.97479776650005
171.55733191325552
175.14736655168068
178.7438161675396
182.34573707278759
185.95267533815857
33.643344565613425
35.900925826101854
38.2290908361589
40.62433598101805
43.08288451307569
45.61257294521049
48.167843061651276
50.8542263885594
53.56605695364557
56.33756322113338
59.1667611139665
62.05077802712472
64.98944683255444
67.9796441523879
71.0210669300695
74.11265050518503
77.25145144665673
80.43589646273492
83.66505163835157
86.93618199314976
90.24969012016815
93.60238187053486
96.99440801690456
100.42264807040037
103.88693281455139
107.38544653708024
110.91617060851864
114.47832542246532
118.07079437647957
121.69147618009134
125.33963776967094
129.0131635896653
132.71127578216226
136.42281170887242
140.17768487452116
143.9420836323267
147.72715136129693
151.52243588836322
155.351443765855
159.18964340763176
163.04283518643217
166.91066689810532
170.791720499534
174.68570165914582
178.5916415647147
182.50715156724763
186.43233837764114
190.36714452260725
194.30753624626715
198.25865752534142
202.21411828436857
36.11413916261481
38.550592002671884
41.06291628978728
43.6494690135049
46.30863505601714
49.03913990273874
51.83924440510029
54.70732629808363
57.642020032257385
60.641526445377465
63.70522641269074
66.82970905841306
70.01326523078454
73.25528232831253
76.55331684983008
79.90498787397544
83.30967913628785
86.76675680964279
90.27223819185163
93.82553689147552
97.42542350352035
101.06937388708643
104.75688727299396
108.4849910354328
112.25390979851728
116.06089051664027
119.90403333177646
123.78203689039698
127.6942001752951
131.63857567749253
135.6137351074548
139.61845485368005
143.65129499524835
147.69841866317924
151.79387120475988
155.90196356895927
160.0317124535063
164.18418009622974
168.35742446097896
172.5491991952811
176.75890900721333
180.985468992016
185.2283001029163
189.48486800137354
193.75605276098736
198.03873007723524
202.33230474443303
206.63943371837578
210.95382213063098
215.27788987269557
219.6102248487005
38.7236143550583
41.34948588410868
44.0578804560279
46.84733206053586
49.716612562762926
52.6638718583815
55.68814093163494
58.78639541820483
61.95759189055827
65.2005585206034
68.51165361866349
71.89216061693678
75.33619109961252
78.84514023150352
82.4166635488763
86.04801338414505
89.73816849983903
93.48404480678522
97.28602650015975
101.14035576912775
105.04598056113382
109.00181805056914
113.00577463286616
117.05462634113199
121.14817501209833
125.28484917870958
129.46328156651995
133.67972919792265
137.9342589550935
142.22624629976
146.5531834784267
150.91177415893583
155.30202398721178
159.7094492315469
164.1689114012556
168.64456839487428
173.1463036555976
177.67396398208345
182.22410590258067
186.79630161867655
191.38957381194936
196.00255042962866
200.6326099181398
205.28018431900256
209.943209856375
214.62311827844158
219.31594434660084
224.0214737498606
228.7394044304412
233.46633324297443
238.20327204261133
41.47694871612083
44.30401410086812
47.21371363017865
50.22601785948377
53.31826802965976
56.49637803191067
59.75766473039686
63.099307936104914
66.52180734996635
70.02252971455114
73.59927635529365
77.25083258695898
80.97388289343439
84.76786777963657
88.63031585069109
92.5582409679245
96.55170185177538
100.60772364980676
104.72438357312743
108.90002894275972
113.13301530052095
117.42062139885014
121.76123945173094
126.15306231298923
130.59522781843046
135.0835667929638
139.61823791305196
144.19776889596795
148.81892111552847
153.48058763897725
158.18156233334
162.91952690977664
167.69507757996539
172.49972723404917
177.33849015226698
182.21114946444573
187.1125809740103
192.04098659624773
196.9959924909794
201.97621912439672
206.98047213756197
212.00555049605475
217.05117299596077
222.12047165913708
227.20473983254342
232.30677687952343
237.4258301954526
242.56236629071245
247.70963306273015
252.86115595375762
258.2028823574833
44.38214644418055
47.421048218015926
50.557862326351604
53.79219619754868
57.12070117146584
60.54196124519303
64.05467453609985
67.65532843744317
71.34532240370126
75.12030458778526
78.9791766393385
82.91956826127402
86.93864594205226
91.03524576381378
95.2067411567563
99.45213536649977
103.76754964646469
108.15353789211545
112.60596900387453
117.1240662131638
121.70461074502295
126.34608226214546
131.04623069899517
135.8033561526688
140.61579970229974
145.48218605722718
150.3983334875336
155.36374813963155
160.37595955994075
165.43642138602533
170.5383434692056
175.68419654927592
180.86568203770352
186.08519466912912
191.34344121422825
196.63786496301756
201.9624012667462
207.31976928936592
212.7080932781045
218.12550205661148
223.5702608203195
229.0404491959179
234.53459399267496
240.05207231059978
245.5911075183194
251.14908995107513
256.7282710826768
262.31513175462595
267.93485117874894
273.5628460129088
279.2011577723046
47.44206731576041
50.70621167315839
54.07650438815676
57.551889167199604
61.130533207019646
64.80894780911987
68.58833975074877
72.46521182984048
76.43815523814985
80.50343750053217
84.66213987054019
88.90893781854862
93.24249195993507
97.66074728819231
102.16190176617022
106.74429514621801
111.40437046987883
116.14022017596356
120.95098343171126
125.83273637482604
130.7835033904479
135.8019899805651
140.88556855073313
146.03447087362127
151.24223699810761
156.50922614388108
161.83247184725778
167.2086254588045
172.64118662266418
178.12294844730934
183.65353062442287
189.22725286902858
194.8473761582643
200.5119163106382
206.21842648885612
211.9619477886193
217.74474540925695
223.56337497708807
229.4152165914446
235.30218391515004
241.21786343359227
247.1635131866234
253.14015637990775
259.1379635689729
265.15922418042095
271.2071390200199
277.2769516440878
283.3680753265148
289.4737153662933
295.59970112582135
301.7467318884756
50.66296800961336
54.161143577794036
57.78126669266024
61.51137202074364
65.35499862058491
69.30883068446563
73.37086405043446
77.53911320693886
81.81291919371506
86.18719353908229
90.66202549315376
95.2335723177467
99.90097727684142
104.66080194018542
109.51220760977938
114.45189310429967
119.47743480181603
124.58638172345458
129.7766285833828
135.04624728036544
140.39179483512595
145.81158624052745
151.30424772551726
156.86641000226692
162.49536724188565
168.18807478082198
173.9431511414604
179.76278197904875
185.6388193566321
191.57175374860932
197.55815582926067
203.59572611836109
209.68432704763717
215.8220993563931
222.00553603481532
228.23345242614812
234.5036375944761
240.81428418306388
247.1622478801752
253.54764556036235
259.96797333165523
266.4219950247785
272.90814801013244
279.42245863254004
285.969608374589
292.54012591877955
299.13646619498246
305.7542301164937
312.3950596911937
319.0565459574553
325.7372720462395
54.05104300000173
57.80225521406908
61.680120953047904
65.6817692704875
69.80544681088502
74.04874150246124
78.40941072188527
82.88717710610484
87.47765024611546
92.17980334443145
96.9894422835754
101.9062407819327
106.92748771059242
112.05077266906738
117.2726273058505
122.59169015348115
128.0044001553329
133.50996323554463
139.10372208112008
144.78409757320307
150.54943140012207
156.39616275378495
162.32106806571096
168.32366703207677
174.40076684349134
180.5498025367245
186.77055215579634
193.0543334930182
199.4066998658014
205.8196468779169
212.29056104990835
218.82247272683526
225.41018551097133
232.05274321663012
238.74583620294436
245.48635571662413
252.27869324269102
259.1139690320211
265.9926296973823
272.9127395568347
279.87601295679866
286.87420943035943
293.90573380965577
300.97175160530105
308.0722613275858
315.1989599275824
322.3588816236486
329.5442913375773
336.75507428401664
343.9963336623882
351.2549776376067
57.61119205664734
61.6283227857042
65.78141961432061
70.0688161117519
74.48825161554981
79.03805176765538
83.71475553255232
88.51833174801543
93.44327297886669
98.49184264347342
103.65841205897995
108.94111871800166
114.3372395163112
119.84416072406862
125.45962530975903
131.18074808624328
136.91041716152893
142.92875111128876
148.95130325290873
155.06836400309516
161.27795307033352
167.5774360864018
173.964368482175
180.4349419391216
186.98959204785527
193.62250412235946
200.33227220634387
207.11663957128076
213.97171855783964
220.8962960661158
227.8871731705478
234.9450769956457
242.06492074117315
249.24362552799502
256.4824610400662
263.77072121689844
271.1195429077615
278.5149475246059
285.9586001943969
293.44736783763557
300.98272492962036
308.5496062865763
316.1775984788709
323.8312456809032
331.5232980259725
339.25233228147886
347.0177218455659
354.78479658003863
362.62224910412084
370.4716688935064
378.3441131106719
61.35217770657093
65.64871112739128
70.0921511836479
74.68074013347356
79.41228602921433
84.28451764205126
89.29638101560666
94.44456311282816
99.72603961152434
105.13921919416505
110.68184925218257
116.35151881729641
122.14341894932552
128.05675526542097
134.0886765385195
140.23525789960811
146.49491580219558
152.86423692680782
159.34043404495583
165.920710687197
172.60233899394078
179.38322955161507
186.25914851627374
193.22769380807
200.2865760540424
207.4345516886869
214.66500685527214
221.97891720307084
229.37025972595208
236.83989707098812
244.3855313473461
251.9990235263417
259.687717455131
267.4362074467716
275.2513004683683
283.1258002504915
291.06643125690323
299.05158897718877
307.0985197747279
315.1966569194437
323.34567589701857
331.5448149530907
339.77728730921586
348.0692904873794
356.39568058789393
364.75758333643734
373.1436543959162
381.6011959554092
390.073705159473
398.57478325759024
407.10746481569385
65.27838873640187
69.86881747928169
74.61819615556287
79.52510399994647
84.58568832148315
89.79900358113242
95.16277559000032
100.67514791788135
106.33132361864733
112.13151584194405
118.07214281162773
124.14913635931225
130.36047693144653
136.70439073262162
143.1759941082606
149.77307428713246
156.49454845125328
163.33469778935216
170.2920143978181
177.36337024786408
184.54543801421894
191.83584957800943
199.2308540048171
206.72841383388666
214.32377096514816
222.01418502294882
229.80167930060747
237.67445749039013
245.63969158448833
253.6899502634207
261.819112713182
270.02780721347193
278.31521234841256
286.6742553814755
295.1041550129259
303.6001756984949
312.16375791392056
320.79048743764696
329.4725060058483
338.21871424919937
347.02518286727627
355.8793421651894
364.78462825432194
373.7401048441907
382.73893421215513
391.76830835490387
400.8742555423671
410.0016817696907
419.1670658300764
428.3677656740771
437.6014582852174
69.39591911326757
74.2966517770232
79.3684294387045
84.60963845070042
90.01802682128135
95.59064877482675
101.32662492275388
107.22208218863362
113.27438594605056
119.48355141588445
125.84315436011954
132.35150975934684
139.0064353761892
145.80388901637383
152.74076755615354
159.81586759757784
167.02412220256602
174.3625724083754
181.82691745319462
189.41774215563873
197.12964353837197
204.96057926428483
212.90581257784942
220.9618773517948
229.12694722032688
237.39758624370398
245.77687433361052
254.24808767868325
262.81403766701067
271.47676577627806
280.2272675254294
289.0665650393064
297.99020799390837
306.99633383523076
316.07400555063975
325.2319152398902
334.46248848037123
343.75390557306986
353.14449812591243
362.5738020506693
372.070032130809
381.62589531149456
391.2414398292336
400.9044845175505
410.62710248468136
420.3949401987998
430.2084370252625
440.0705359053406
449.9784959619833
459.9218682415143
469.928256201189
73.71247921737475
78.93905057260032
84.35018644510397
89.94401657604543
95.71806826628794
101.6692059767184
107.79610147447397
114.09657080262804
120.56708928513054
127.2058915523706
134.00803632784715
140.9722251953476
148.0941545452369
155.36912992069594
162.79941038762752
170.37707627453858
178.10245555368084
185.96853067981976
193.97284952304747
202.11241903615016
210.38536699004797
218.78566214771183
227.31156188796183
235.96125032189678
244.73280361491695
253.6183672116892
262.61101374027805
271.71506422486345
280.92570555981155
290.2386800852499
299.65049430084656
309.1533322485991
318.75447032132513
328.4431127218329
338.22490964248044
348.07962087191873
358.0153657665472
368.0468368469971
378.13955388433016
388.3072273689043
398.54295709442175
408.84667192879704
419.20952966739424
429.630949556047
440.11423439241815
450.6573362912608
461.25114471284354
471.8970820556085
482.58843207778557
493.3283214399947
504.1113826811711
78.23416495110153
83.80399540002387
89.57134139982863
95.53548457943337
101.69333763247172
108.04260938127392
114.58354701563825
121.30989531642255
128.21910423715724
135.31071223925713
142.5816015296974
150.0253957454959
157.64073062928023
165.42428445012285
173.37249416946625
181.48226032224392
189.7499074953649
198.17232832622057
206.74571508056275
215.4648918711582
224.33040046048308
233.3387894725582
242.48061650872998
251.7594531928329
261.1655795973675
270.6940534803785
280.3493618993362
290.1234268160235
300.0094812032666
310.00975201295813
320.12152472157646
330.33761802390177
340.6558013923696
351.07399007174797
361.5904011490263
372.19582004613136
382.89119112987737
393.6714798560944
404.5343168574247
415.4797783282468
426.52253831933183
437.5881636244225
448.7544640244506
459.9852845595144
471.28432832369475
482.64493434184686
494.066301986944
505.5417851607498
517.0739170967062
528.6566879250631
540.2898571546798
82.96445683859677
88.8964954408293
95.03904348228036
101.39140759255525
107.95364454904232
114.7229306427076
121.6992337710649
128.87357812782474
136.24740824411944
143.8160073466357
151.57719764789107
159.52595553090316
167.66188900500507
175.97906610282243
184.4746095751213
193.1449429799767
201.9873105007305
210.99685245173694
220.1691099837593
229.50681491171568
238.99866542940518
248.64168169019322
258.436035628481
268.3736206737429
278.4533312941773
288.66672421602277
299.01866486607304
309.5015145980973
320.1091421619476
330.8406720833549
341.6924534236041
352.66013741418146
363.7394943337936
374.9311098875441
386.2239571174188
397.6191004624988
409.11433098278815
420.70201198465963
432.37643442456266
444.16897508534237
455.9969096098892
467.9301973731852
479.9462868859863
492.0373939828566
504.20128156025294
516.4309075389641
528.7271724194061
541.0854014946221
553.5079966437369
565.98875959305
578.5213985694036
87.91766453499203
94.22474954363578
100.75910289062675
107.52529795295223
114.51149682655948
121.72317479041509
129.1521426588644
136.7990622503812
144.65981635378495
152.73160295292107
161.00901486598528
169.49190434213406
178.17438732235044
187.05373659489203
196.12629771367187
205.38765673338554
214.8341153527734
224.46685839661055
234.27366941124305
244.25602061801206
254.40714817880945
264.72601605875644
275.20582693080803
285.8421767902905
296.6308005773123
307.57211981532885
318.66155832328985
329.8934265952537
341.26316955792316
352.7648993511414
364.4016556672895
376.16224729908214
388.0512898143379
400.061448105177
412.1766197349342
424.41041028431744
436.741446275092
449.1850314708566
461.73026444575373
474.37033025602386
487.0837243026038
499.91347472781194
512.8503502934109
525.8502510423076
538.9260912577529
552.0799879411975
565.3095885725791
578.6114062961171
591.9760043099448
605.4129477308893
618.898029716294