3.7744505743815844
4.25539580130712
4.782536414143939
5.359354120552623
5.988820013732097
6.674456163545261
7.419810268500291
8.228169204824027
9.103517045714904
10.049686725213103
11.07024056664047
12.169522449698576
13.35139583252957
14.620424957705296
15.9807477255393
17.437100592548592
18.993815791145554
20.65580551449635
22.428184916942858
24.315565525666184
26.323098619755378
28.45589447625374
30.719954877734402
33.11892333964726
35.66180528193948
38.350562562504514
41.193842936286686
44.195779910542804
47.36350369509299
50.702662357736834
54.21906008195757
57.91949109745914
61.811030129846195
65.90169455193961
70.19313871260017
74.69638730716034
79.41906906675875
84.36556060649603
89.53953375752067
94.96194533190912
100.62812045296131
106.54705869502801
112.7314201361615
119.18155525698623
125.91844786742013
132.94088324453352
140.25310174880985
147.85503060502066
155.79789708358015
164.04717642086013
172.61175416303382
4.0786986991522385
4.59917031718882
5.16992059247901
5.794394435561655
6.476177066182002
7.218836484924032
8.026211333931832
8.902503856096962
9.851456264398745
10.877237245073223
11.983983944902656
13.176132966178445
14.458380200119503
15.835198772679316
17.311322360004056
18.89195437164777
20.582314103377428
22.387082304031296
24.31182941414426
26.361929986859682
28.54268479659569
30.860869957929363
33.32088676461936
35.92961889792573
38.692576205034875
41.61626167385265
44.70785434438532
47.97292852155162
51.41861771825961
55.05082872643604
58.87652981106955
62.90385714250023
67.13999490720101
71.5903914036205
76.26615917261215
81.16834261621507
86.31169948166686
91.69665842558645
97.34386556380171
103.2408932314379
109.41498597648982
115.86231315045904
122.60424550886368
129.63927141760254
136.9779969896279
144.6297717150184
152.60568861291762
160.90986970816954
169.55544805891554
178.5519535286722
187.90919861362582
4.398305957168862
4.9603743433890894
5.576953887213037
6.251710478761986
6.988444667783478
7.791440473647089
8.664349514256392
9.612015759148441
10.63826569939399
11.748150172388163
12.945596134015725
14.235926519439234
15.623901659069686
17.114271567585305
18.712918999524163
20.424883327388965
22.255819422261673
24.2110543762445
26.296581363447263
28.517812724925086
30.882329790670376
33.395128758114964
36.06308126637884
38.89182803340938
41.8887561735258
45.06066613602123
48.42026713087824
51.957980759437234
55.69712413279034
59.64040381327979
63.793984208912796
68.16681272801797
72.76613230032237
77.60004698287737
82.68293367597082
88.00294838330787
93.59013174444121
99.44426830225972
105.57402007543742
111.98687148280936
118.70132547206204
125.71460098620464
133.04159051282906
140.69164713166606
148.6720851000166
156.99513238143098
165.67000590683443
174.70789462958814
184.11204263290225
193.9006014226656
204.08323657131035
4.733794805398025
5.339801880216053
6.004488123116175
6.73195664609362
7.526715768799517
8.392948984265573
9.334851129080572
10.357280262091432
11.465160974878703
12.663238673206921
13.956317217306662
15.349845127766256
16.84921263611965
18.45970317193767
20.186522892564177
22.03671911576235
24.01596625578252
26.129310218708707
28.38468846345137
30.787349025275372
33.34479739945339
36.06335179010152
38.94974343252198
42.01123002454671
45.25462266582836
48.68832133137071
52.320453840974224
56.15628350124419
60.20689767941631
64.47639238880622
68.97570563830645
73.71513647960435
78.69790502355515
83.93505467204683
89.43697655849333
95.21358276672886
101.26835475787523
107.61174972037124
114.26264592066566
121.22274389174436
128.50309126227205
136.10916656838333
144.05891469130404
152.35744310554628
161.0176831762592
170.0502684667879
179.46496973983733
189.27332909087278
199.48486336720202
210.11452013607462
221.17045594364447
5.0854708119046474
5.737150376740603
6.452341232571882
7.235515926790269
8.091053710893751
9.023797920429834
10.038230121588041
11.13931193871964
12.332770016480794
13.623508268022634
15.017199642882137
16.5190896248025
18.13532699966873
19.871777580807166
21.73465154000417
23.730477118138555
25.86528636969713
28.145468117877627
30.57910651084836
33.1728515077169
35.933395830200745
38.86834860265605
41.98496629589122
45.291832779471285
48.79525655220423
52.504779949501355
56.429157272134866
60.57430511716919
64.9508966402535
69.56644758875309
74.43075681794883
79.55203857757547
84.94078165758691
90.60373496534741
96.55677464199523
102.80090319171393
109.35510103397104
116.22109907087767
123.41636818224399
130.9787577982717
138.82619313791878
147.0613076139189
155.67841937251603
164.65458643175623
174.032781354896
183.80466495936503
194.01163783315826
204.63765844837923
215.70093384663303
227.21658650209355
239.19725501466075
5.453554523922587
6.153484690280551
6.921695415112604
7.752046510226757
8.682361380162044
9.684620236770254
10.775001332873028
11.958935652778687
13.24191237140391
14.630391989623014
16.129305322542216
17.7449185680715
19.48428976606644
21.35287248383961
23.35794815773847
25.506826041593513
27.805148660473836
30.260804244365225
32.8819630602493
35.67601125725819
38.65064656885129
41.813073032033714
45.172116758719056
48.73607626534822
52.513946274437174
56.51396700495983
60.744720600405586
65.21418882472462
69.93558556509386
74.91455836517473
80.16162995039416
85.68910202309348
91.50473292393764
97.61701360349475
104.04090694400305
110.78549817044944
117.86051481335357
125.27608083790417
133.04732718744
141.18242730024065
149.69300779259532
158.58867163401877
167.8885746458704
177.60284424274255
187.7349625538458
198.29642732924603
209.3299465647109
220.8157981189968
232.77763739177007
245.2308782454452
258.1855962320143
5.8389030919242595
6.58902908159588
7.412668974413878
8.31463886530437
9.300576413948225
10.376029507340911
11.546147742499592
12.816744992060752
14.194135930612669
15.684633912785793
17.293855650798847
19.029140546235602
20.89717803537833
22.905054184649273
25.05970184960017
27.367835857717196
29.83809076380304
32.47804847194815
35.29606656273417
38.29836776586833
41.49856001179657
44.90076668680669
48.514347280808494
52.349321390713385
56.41398435309637
60.718097703604656
65.26961655980779
70.08174832832364
75.16497498080163
80.52654630656416
86.18247998741532
92.12931174040317
98.39628424142009
104.98358544801195
111.90461523354084
119.1688452080546
126.79704419339836
134.78831698442764
143.16444664948432
151.93404788100418
161.11022772361378
170.70468284932284
180.7319568003464
191.20531097552794
202.13819441044154
213.53890960300757
225.4374016542349
237.83118193489844
250.7385755048604
264.1770600976459
278.159782119659
6.241389692609285
7.044199579785562
7.925869729247584
8.8917752503123
9.947654901131811
11.099091681213094
12.3520077275506
13.713824991390585
15.189946817862497
16.786516614493053
18.51202221020269
20.37235211730834
22.37508874164848
24.528295304952838
26.83886865128761
29.31567019412847
31.965758415885066
34.79922351297468
37.82383834384019
41.048661644829146
44.48184928270571
48.13462604046954
52.01440688548895
56.132968200369035
60.49497921693349
65.12067045741894
70.0131926969053
75.18504024984422
80.64911467284749
86.41094609800213
92.4844260455382
98.88619159415276
105.62260900062351
112.6969935470528
120.14978773368983
127.96460017376705
136.16984096100649
144.7675490893402
153.77932601307776
163.21727379195607
173.0937974281423
183.42105556968485
194.21612581169867
205.49408589990023
217.2636544593563
229.54765816089076
242.3559929261914
255.70533929990813
269.60566004727303
284.081795320159
299.14818254502137
6.661259665121002
7.519219043117906
8.461484124711257
9.494104713485692
10.622768607515209
11.854188716492665
13.194821100731856
14.650829301471399
16.22980600687955
17.937417874388444
19.784691165906082
21.776102164825907
23.91961393103547
26.22517147411154
28.699608140225273
31.351635799019512
34.190656600559414
37.22555743137864
40.46662832022386
43.92175761338907
47.60198774698764
51.516708170432835
55.67606054187742
60.092065177508346
64.77229495400047
69.73130323774065
74.97921999127466
80.52674424236119
86.38779084484042
92.57147111303252
99.09102894844416
105.95943766847525
113.191013530787
120.7958607076388
128.787265900227
137.17945247351676
145.98886490357864
155.22477380722427
164.90579755265853
175.0449778752537
185.6555718144378
196.7525294629677
208.35301310743694
220.4711545177327
233.12453554648545
246.32810650777327
260.09806221636785
274.4479983936182
289.40752242289966
304.9758306319193
321.17717823288393
7.099296761896601
8.014585364651095
9.020022152878528
10.12214198347294
11.32710610472038
12.642032893794328
14.073332821872375
15.628099335197218
17.314973060368995
19.14045339116897
21.11245383186202
23.241097688012367
25.532586136139987
27.996553544196388
30.641918530494152
33.477848421846936
36.51387759119906
39.760187758472846
43.22665257591139
46.92337286571365
50.86175270014902
55.05093344070484
59.503313856452046
64.22971987659872
69.24115421635369
74.5508259149395
80.16929872913617
86.11070433308666
92.38432533308963
99.01443174506902
105.9995224696651
113.359812018803
121.10947051439172
129.25302746776345
137.82614326517768
146.82174459128422
156.26699073495544
166.17143155213387
176.55308924877872
187.42699861252365
198.8090074078047
210.7113902509687
223.15776827863948
236.1615012366937
249.7406020155578
263.9194085934493
278.6973735420992
294.07629524498725
310.13788856357206
326.8477967912123
344.2410740265291
7.555565925537962
8.530735988750928
9.602157942656172
10.77682981521762
12.061247402374393
13.46295562659576
14.98890270014739
16.647030816025755
18.446271230648847
20.39357256945592
22.49787504620783
24.76764450481368
27.213982569550247
29.843457642888094
32.66725637308187
35.695772852396395
38.937743291853145
42.4050083739139
46.10790975753625
50.057465192140086
54.26448962178734
58.74041611456034
63.49790350025356
68.55044341598101
73.90744230087051
79.58308359917598
85.59158123555423
91.94560338538408
98.65253927607907
105.74564009132162
113.2176401428063
121.09291435509355
129.3846736284781
138.10598811909995
147.27349348170523
156.9030353199761
167.01346527470022
177.618979233651
188.73179702742692
200.3666883723149
212.56449599848958
225.32269045053178
238.65614886553257
252.5772558540682
267.12403093046083
282.3071903506616
298.14280321395677
314.65398619923303
331.8434302638858
349.75410037439497
368.4024805208004
8.030370131125107
9.067845988536412
10.208180940789152
11.45827397934877
12.825449718523613
14.317696651122317
15.942438427425216
17.70842066029238
19.62455631099183
21.698659262195466
23.94054702718653
26.359344750829703
28.966855205721654
31.767798321564264
34.78023093887456
38.008044200773085
41.46476526568939
45.162120449878536
49.1111201500718
53.32505693571796
57.81266433102165
62.587644598698866
67.66131601950187
73.05563219187198
78.774283974946
84.83783663841025
91.24301320533344
98.03301324899245
105.2029930863541
112.77019515412205
120.75201587122412
129.16509863010074
138.02243302115042
147.34155659256726
157.13916927538116
167.43057392194905
178.23745620786926
189.57473527086424
201.44848332269123
213.91367886616558
226.9395388361475
240.57287804235094
254.8331265210809
269.7325282228181
285.29103263153286
301.53415942290604
318.4625932989056
336.1414994467233
354.5471516899708
373.7134131839297
393.6775355561703
8.524195169353208
9.626771763259436
10.838486714828042
12.167201652929451
13.620645387342789
15.206898722369386
16.934700263691514
18.812965417533313
20.850818132967024
23.057448568982274
25.44262286561107
28.01739698306921
30.789925716981443
33.773217082457315
36.977877447581534
40.41495527345909
44.09598953765091
48.033409566556145
52.24032775617836
56.72544511024863
61.50892818941543
66.59714612448502
72.00680958578067
77.75189117057903
83.8425868223471
90.30737109975396
97.14619836553496
104.38172518707249
112.02485483835177
120.09524359749182
128.60857687888276
137.5796100037089
147.0323977192709
156.97583741123213
167.43086030660456
178.4144423518858
189.95611891545943
202.05777794388368
214.73306222333719
228.0255852771173
241.94202013573414
256.502488806594
271.72534976955626
287.6393273362108
304.2605434325996
321.6117896010025
339.6987047293165
358.58399165032677
378.25753704204277
398.7407283734513
420.07188697182846
9.037106635523479
10.207584528637389
11.493619862146886
12.904060003357085
14.44721297220631
16.131614271125184
17.96636925063774
19.961370031703886
22.125963737692796
24.469924513263003
27.004941477577574
29.740870063828524
32.68851035867904
35.858504387438266
39.26466308667471
42.91954335542069
46.833604269167495
51.01979566084554
55.49551588758753
60.26893738721513
65.35544650900648
70.7712136580056
76.52245021647063
82.64156849039983
89.12880065075299
96.00615826106663
103.28703370772706
110.9874016193229
119.13071825188658
127.72501497068319
136.79457587883527
146.35244163327422
156.42106960637727
167.0142474019647
178.164754546286
189.87041355212213
202.15474939805296
215.050508451082
228.57439476031487
242.7460684611137
257.5828930140435
273.1082636712371
289.3494542729235
306.32014607347094
324.0487258145606
342.5599383275477
361.8696429808743
382.00634775857304
402.99516392767765
424.85798622089635
447.6243727163488
9.570224276162987
10.810290485736052
12.173803743418924
13.669042289029457
15.305337142051005
17.091583095407735
19.037787055142438
21.15390111454291
23.45033764714263
25.93737943456383
28.62705232677114
31.53027387852743
34.65908253344342
38.02567603256855
41.64241476002521
45.51842211057224
49.67610595485924
54.12456154462028
58.87721708656563
63.945572955298736
69.35408816132743
75.10809440446648
81.22876474104181
87.72809669787345
94.62340131798274
101.93518679040054
109.67534605157685
117.86536465768124
126.51843701014113
135.6672114790816
145.31321604730792
155.4824647986482
166.19480085118784
177.47324924488356
189.32260331199058
201.78266521393243
214.8653770912959
228.59476011248051
242.99200018985468
258.0787105473119
273.8803168576655
290.41527220568156
307.6647722530885
325.78527382331555
344.6725983402067
364.3906146878081
384.9647500265293
406.4250383464245
428.786401728787
452.084403208676
476.351626236762
10.123173602961757
11.435997830803355
12.879919850532128
14.463088900987836
16.196093499113047
18.08811487027569
20.14936477365121
22.39162216412398
24.824971381251828
27.461246611152262
30.312666755814746
33.38984051356861
36.7071943323583
40.27684281338865
44.11243280150828
48.22744588455688
52.6360136754088
57.35481294872099
62.39713311144231
67.77687333331309
73.51396554819178
79.62091981541477
86.1155311746719
93.0144759945537
100.33520407691975
108.0968070936713
116.31975576686912
125.0129787365797
134.20945345390632
143.9213651853161
154.17307643074182
164.98692584737495
176.36097409094026
188.34151100731955
200.94217154856966
214.1842109567424
228.09242016568354
242.68859292545548
257.9958800069641
274.0387942908057
290.8419064291683
308.42677981851574
326.8235384592765
346.0495477653209
366.14266121503766
387.1225993730777
409.0151986237967
431.8526248350919
455.65157042974135
480.44919818519514
506.2729974265275
10.696262043128053
12.084777275551886
13.610409179547197
15.286496254727552
17.11975522697298
19.12119227996419
21.302934117458243
23.67703578212515
26.252029347880082
29.04280518024463
32.060329470837345
35.31883641460904
38.83187015971615
42.61238184444493
46.67550287979991
51.03325652936758
55.70579731591249
60.70483475215089
66.04717521144129
71.75021265579203
77.82984542550165
84.30343660646061
91.18886346982595
98.50436436155252
106.26684530395015
114.50032948701109
123.21008067858018
132.44646939378222
142.20216407297087
152.506714782507
163.38916367287203
174.84683678211462
186.9273465371434
199.6378060520497
213.01146607624162
227.07081670309282
241.8454006923103
257.3401594694485
273.5982556683989
290.6387591915452
308.4832035690132
327.1610322308772
346.7047259856418
367.1345478252006
388.48668471482046
410.77740202104206
434.03853263759027
458.2826998817024
483.6024950103345
509.9628895176648
537.4157050030564
11.290226973560747
12.756928993451485
14.370070952333638
16.139551337475496
18.076777996053703
20.192821368954206
22.498761528593477
25.007593241900263
27.730829722563914
30.68137316838856
33.872067206518835
37.31889123125285
41.03471073811647
45.03438219567372
49.331510977838086
53.944412092339384
58.889012374737874
64.17923662461682
69.8342082775988
75.87151327911009
82.30829630278247
89.16268885660632
96.45482338217825
104.20117084921523
112.42328166638882
121.1451949147627
130.37722459101528
140.1584819370647
150.49653893770449
161.42536502667255
172.9410248973779
185.09408786970675
197.90031766448746
211.38202939684092
225.56462697131153
240.47235940242757
256.1298192820081
272.56579587347034
289.81120187305936
307.87348858429453
326.8056136478438
346.63620429567106
367.3705858002675
389.0457911725059
411.705307033662
435.3634130468237
460.0560211642587
485.80941240833454
512.668658121249
540.6536868398092
569.8008599979156
11.905350099571212
13.453073552208874
15.155185133833182
17.02694296027129
19.068621704299648
21.302333417123155
23.737314722807984
26.386308319359525
29.262565020467598
32.378544187607744
35.74898886045209
39.39011997977463
43.31758692639331
47.54310939384453
52.085313526431406
56.96183254711805
62.188030576865586
67.77975962827756
73.75838418678363
80.14400791558498
86.95170945071385
94.2013128368827
101.91417702863929
110.10806873285235
118.80972166605262
128.03683559255308
137.81215107666972
148.15774852091818
159.109281588759
170.65971044914843
182.86031379046912
195.72816235287854
209.28702413577147
223.56325412011265
238.58349836455685
254.3717000427733
270.9588614622124
288.37262537807374
306.64047657270544
325.7873626223507
345.85081893745246
366.85274164003533
388.82309442186255
411.7898974436698
435.792369197641
460.87052833684953
487.0771796684796
514.3874322477325
542.8584007347281
572.5398218090986
603.451545280772
12.54165090525025
14.173192467156564
15.967952799300486
17.937618452966717
20.094652789850866
22.44711589668735
25.01909277253379
27.81386477668741
30.847966322429986
34.13659758235699
37.69326362508159
41.53677411320089
45.680933679796894
50.141705777140594
54.93707923000788
60.08593315783793
65.60384144597421
71.51057107938146
77.82516279237701
84.57030475100744
91.76129452246813
99.42160831228155
107.57108392719576
116.23137446628009
125.42649781472768
135.1794373926268
145.5127231756064
156.45148193490218
168.01928818826207
180.2393823438127
193.14406760733013
206.75078871608582
221.0925864146948
236.18185504937475
252.07084391838941
268.7755163260122
286.32525492749164
304.75071303543984
324.0889506249237
344.345733084902
365.58400659599687
387.828889500459
411.08802059662116
435.42164028412304
460.8487653396637
487.40666141208635
515.1310339307794
544.0339191791933
574.1938649270995
605.6296423072745
638.399167076964
13.199624700399356
14.918001231749303
16.80885863289303
18.883370672972905
21.155933946755084
23.638106782860334
26.345164740335274
29.29034581073157
32.487888957749576
35.95350899724187
39.70419133718016
43.75684312046559
48.126146594852614
52.8310714701293
57.88859808318795
63.31823453103465
69.14074956107603
75.37214888060736
82.03659706371232
89.15220099469356
96.7419740382803
104.82519550091382
113.42734601362186
122.5711964112431
132.28406550602566
142.57616266452914
153.49820052409964
165.03946454198376
177.25744964330556
190.16798805714765
203.7974586076941
218.1753849112108
233.327668168682
249.28269015344915
266.0740723161933
283.7223703045342
302.27887640557077
321.7536164220408
342.19598574025923
363.6174376175541
386.0692640626507
409.5792145998229
434.1793899722834
459.91256268626705
486.80519480762354
514.8963071078762
544.226230234854
574.8233661062596
606.73458641633
640.0017202551214
674.6493593522938
13.87971981399022
15.688101126723259
17.677614444002916
19.861175518770978
22.253187232816042
24.866511318650574
27.716068059922385
30.816738926343593
34.18435674735643
37.83364182320064
41.7838330449733
46.05209460967029
50.655430213589305
55.6123345419626
60.941214139588254
66.66285335198356
72.79891388840653
79.36655255557763
86.3919224612387
93.89153904898096
101.8945694581259
110.4172993552619
119.48849197353368
129.1313555372831
139.3660594487754
150.23357528105285
161.74474217262824
173.92976276280368
186.82212396603668
200.44425152705554
214.82765490624143
230.00316001245258
245.9952555910869
262.83656916429857
280.56292330894235
299.2009105337277
318.79035578329376
339.361631969788
360.9430428010878
383.56927012202215
407.2840131902288
432.11850569109345
458.1061270331895
485.29258462444056
513.7085358673937
543.3922698560563
574.3818234695693
606.7211298235372
640.4293215818818
675.616990497061
712.2381219895747
14.582366175856977
16.483440125307435
18.57523179541908
20.87169282154947
23.386770436178583
26.135212063978134
29.132384157258656
32.39372362269368
35.93649238901897
39.77657983605776
43.93415834533474
48.42487284329454
53.2693259622447
58.48702943422159
64.09645825369134
70.12047209024321
76.5811310572836
83.49807036401259
90.89471519430354
98.795375746274
107.22103523076588
116.19994720747235
125.75786419122359
135.91705947680572
146.70608200291653
158.16206832931863
170.28363983771908
183.1284818058215
196.71698552971685
211.07999145363112
226.24237696282586
242.2388405933938
259.1040973640571
276.86342425496247
295.55871229583875
315.22252940692636
335.88377126301094
357.5811805660165
380.34685964865884
404.2215636837326
429.24754415111215
455.457477250484
482.886951252811
511.5773530578609
541.5696871090374
572.8974347361152
605.6129915184478
639.7545933011447
675.3539178380161
712.504661444156
751.1865679678144
15.307794861030354
17.30452321430215
19.50199407837077
21.91466178737783
24.556778453916504
27.44510567351888
30.59497655878882
34.02261282936313
37.746257819645955
41.782945988626864
46.15378701441588
50.87564313648404
55.96986333532838
61.45641579925296
67.35624137993288
73.69219718401534
80.48809301330533
87.76452820636298
95.54410878404488
103.85527859610232
112.7297785876281
122.17752882018048
132.2361868793929
142.91888146168756
154.28784293359325
166.34874104719287
179.1189105699651
192.63768728989535
206.94931168046554
222.0739780963777
238.0442680100203
254.89445346518875
272.6568438173551
291.3773438979722
311.07254088697846
331.79131795717495
353.56097212349033
376.42722272156334
400.4265470110229
425.59365174233636
451.9718550580521
479.597107462197
508.5202042168145
538.7707076304291
570.4000667461175
603.4448362315865
637.9494663382627
673.9595611815831
711.5073163095426
750.7049934779744
791.5109087246717
16.056156335379338
18.151770309455436
20.458282630612814
22.99139622139799
25.764790483660047
28.796612496458962
32.104102904710516
35.703688434808235
39.614425434485796
43.85410943474247
48.44522469496494
53.405367200678384
58.75738830545875
64.52238012911609
70.7216635587611
77.3802473151962
84.52210657670967
92.1700928192382
100.34835752597384
109.08676049278988
118.41697677929079
128.3556142805481
138.9321453069955
150.17472715762796
162.12988988301274
174.7961614736927
188.23245236935028
202.454015355207
217.51912031863236
233.4340608353884
250.23701094094804
267.97295200264637
286.67498570964864
306.3706698883908
327.10666031256375
348.9199777470798
371.84289140044297
395.9617492752614
421.1876593940558
447.69335120485897
475.47247784278613
504.5707389223599
535.0383650983503
566.9054388047199
600.2237235232874
635.0397932427157
671.3957981672631
709.3457306966137
748.9417875337285
790.190377898956
833.2208398133547
16.82794880569117
19.025559453370963
21.44456359050425
24.10090261386209
27.010474016405013
30.191447456493343
33.65918218741281
37.437595389793884
41.54149694948802
45.99089018458972
50.80930745786222
56.015383886117014
61.6332572135723
67.68515206073542
74.19460671165177
81.18600626018434
88.68588411607205
96.72022356235402
105.3074254133875
114.49410116697263
124.28898614032218
134.7280843282259
145.84107225901903
157.65885058771008
170.22100705531432
183.52687820889784
197.65021118712156
212.60928632964223
228.43796450910878
245.16483612281496
262.8355356526767
281.4837488061467
301.1477961996648
321.86467221811967
343.67193271228984
366.61495296128027
390.7264675690103
416.05263330479187
442.64248489063584
470.5298382979454
499.74581727370577
530.37948559441
562.4438311896458
595.9830778838751
631.0664897955079
667.702458376434
705.97743410326
745.9348239702193
787.6085114806624
831.054413387915
876.3616855463825
17.62374116334873
19.926420498435053
22.461327188764127
25.245116756148306
28.29492714136618
31.629321857285426
35.26589232265326
39.225028328471495
43.52843852076301
48.19385864154355
53.24711784612096
58.706805513234904
64.59970146110835
70.94768135235401
77.77571531233248
85.11106712938347
92.97990846513025
101.41125949831495
110.42698805392038
120.0584008678372
130.3402424083386
141.29873646325353
152.96478977485535
165.37084451611167
178.5655679837358
192.5435155530535
207.36933609995464
223.07931467184227
239.70165867315563
257.2757845582507
275.83942537405983
295.4306741823288
316.0897093285924
337.85732455969026
360.76925143795404
384.884866030321
410.23395070524117
436.8559370282928
464.802445414158
494.1126771636084
524.845833478212
557.0434614531042
590.7537292750872
626.0239650743803
662.9055415835413
701.4458505175888
741.7060442218963
783.7255922010611
827.5695224881933
873.2789254148153
920.9320763054361
18.44348150196339
20.854734562920118
23.509116525005105
26.42435414039288
29.61861521741569
33.110553301607034
36.92061150500154
41.06813163541053
45.57626348768622
50.46410107365369
55.7591687521677
61.48134899251752
67.6568854495888
74.3102403604538
81.46838943199347
89.16173427956359
97.40792279706776
106.25136335236739
115.69602476779524
125.80223486076001
136.58349210825745
148.0779703421915
160.31497896298535
173.3302235148187
187.1673773202474
201.84921269031994
217.3989108762962
233.87668016839686
251.32342308633366
269.7692916715453
289.2551630037763
309.81830136961173
331.507269444938
354.36118095278755
378.41758923663804
403.74018322584953
430.35948198585686
458.3213521185443
487.6724975427424
518.4581848358455
550.7418878316432
584.5749266754607
619.9812273888712
657.0378121943066
695.7890056745231
736.2889259721288
778.5960483303282
822.7618158859214
868.8418035836329
916.8817613205075
966.9975656749317
19.28789327228522
21.80968835543341
24.588284810145076
27.638767615251595
30.981617736927287
34.6365114963285
38.62408341233075
42.966632805922174
47.68553434716722
52.80425132187858
58.34720038501327
64.33893602789136
70.80635541970018
77.7753130408241
85.27473504224601
93.33378706135163
101.97320555519006
111.22768891579788
121.13104344359641
131.720217542433
143.0198447765798
155.06542486631596
167.88543798358148
181.5332393622163
196.0292633611837
211.42509201192712
227.73252322938544
245.01182283468395
263.3085565774908
282.65218988672336
303.0870429361308
324.65528644234354
347.4070217623537
371.3822085375475
396.61862688423986
423.1867714109817
451.1188844780404
480.46042550919617
511.2609749415205
543.555732113446
577.4496791088743
612.9615771548241
650.1464742377892
689.0407138756829
729.7244212018004
772.2480483447804
816.6723917762089
863.0521731445685
911.4403778660201
961.8994254942551
1014.5317256163154
20.157060675717315
22.794697722234165
25.69894359558998
28.88903869019322
32.385129412044584
36.207729054713404
40.3786022963991
44.92034381779643
49.85743831116515
55.21294907204581
61.01277549575031
67.28239541181595
74.05066751445135
81.34425896193528
89.19577392967436
97.62111070381286
106.67226613840795
116.3605522768057
126.72753533973138
137.81374031521227
149.64851456165445
162.2622614305397
175.69544503337337
189.98491841974314
205.1686233035443
221.29940092258025
238.38788300261493
256.4912679533854
275.6561366896425
295.9258341066258
317.34327429402816
339.9497285574831
363.8000202897273
388.9292967862697
415.39244851327743
443.23789355484985
472.52137213701684
503.28528881676834
535.5847842790565
569.4757651904382
604.9993613848835
642.2444925707407
681.2405550251519
722.0596782547888
764.7258002269439
809.3396223965776
855.9485800527139
904.6098815454613
955.4034576153952
1008.3651561943169
1063.5439329722174
21.051332144422652
23.807247030389867
26.84200824640627
30.175261818300438
33.829145011989695
37.82437694840139
42.1840211810736
46.931404260575576
52.09271169157491
57.69171343220868
63.75564347775514
70.31356210725032
77.38874052064874
85.02203908371835
93.22268768699274
102.04548457819735
111.50514594840168
121.64183732709996
132.49301931908147
144.0939346675698
156.47405591853138
169.67487151359325
183.7360036190457
198.69388035028908
214.58528651847553
231.45219922789903
249.35735844874472
268.31001605869125
288.3758978750875
309.60353277313874
332.0328470491821
355.7077477792482
380.68364480302336
407.00643481159386
434.72267752587703
463.8967160640849
494.5756162326683
526.8070025063529
560.6514605955452
596.1665692723221
633.3994102047042
672.4347180271212
713.3006877825497
756.0676087791155
800.8088735926675
847.5743230927702
896.4359597466729
947.469634081363
1000.7187715887299
1056.2562749083218
1114.1421140195594
21.971151305059433
24.848780316026772
28.01764020120839
31.498672998346887
35.314658443254636
39.48753666130758
44.040895822146986
49.00062100175297
54.39245178493643
60.24238627731492
66.5794724220841
73.42952476186993
80.82413070195008
88.79515467448986
97.37198354275557
106.59412760471982
116.48324291672466
127.08142729718024
138.42707795449758
150.5566578805337
163.50248997320625
177.3071212150352
192.00972206556327
207.64904609339
224.26910833188043
241.9183807285866
260.6477709808137
280.4899179949542
301.4938817052083
323.68781952370944
347.13749138057483
371.9325215526171
398.07179145593904
425.6224264777536
454.63365540869114
485.17344781414045
517.2920647871067
551.0359614908949
586.4722263589937
623.6594500370577
662.6578253687886
703.527035159593
746.3335198446985
791.1267376387223
837.9855939179597
886.977296924228
938.1714427867378
991.6093818796686
1047.413770389303
1105.6176563092893
1166.2668720238892
22.916805631762063
25.919528862343057
29.226282880336825
32.859252530101756
36.842807876296725
41.19748451224996
45.950758390232615
51.127703513197616
56.757045035086165
62.86451629935323
69.48193986243577
76.6334955326348
84.3572478979794
92.68226653444789
101.64025611490837
111.26898533202254
121.60564121707866
132.67919167330254
144.53182764927695
157.20169274174322
170.72931301391841
185.15616088312632
200.51692430986182
216.86595957375422
234.23815650917635
252.68832575772973
272.2558398598556
293.00558585815793
314.9736121977323
338.18879707061217
362.7287308621696
388.63107856854384
415.967132392877
444.7846441033366
475.13110615608383
507.07791449855733
540.6761330777471
575.9766178683087
613.0563079083206
651.9517351043398
692.7579412774303
735.5311938099852
780.3264729674395
827.1893721691282
876.2377614857085
927.5396531040617
981.1266828501136
1037.0831953676677
1095.4874821596045
1156.5093107653659
1219.9668155042295
23.888716354090356
27.01987411320895
30.468375470707628
34.2579142210818
38.41156453552225
42.95501840896395
47.91320192787317
53.315337918556295
59.18749365988648
65.56039659345714
72.46545160331392
79.92863446503463
87.98899040750459
96.67685671122825
106.03413835766858
116.07716367583367
126.85293429813846
138.4311774309128
150.806204088311
164.0359469145459
178.15693136915056
193.2244966336239
209.27064446264308
226.3419646116557
244.49127499964183
263.7643832219855
284.2070159419583
305.87311093654085
328.82241236026925
353.0951288144343
378.73842717289244
405.8180057482363
434.3891752638476
464.5077977871745
496.23109813431734
529.5909958827989
564.7205954263765
601.628318278892
640.3969659234451
681.0972664598618
723.7673802212139
768.501230208244
815.3462806629117
864.3882643832644
915.6970815913138
969.3366962944198
1025.3907570257254
1083.9716826903114
1145.066879621307
1208.8263621590497
1275.2111867349536
24.887155151596726
28.149839171554383
31.744728779189664
35.694334358634684
40.025202413598905
44.7606499589143
49.92973439074592
55.56163107084806
61.68572233365835
68.33165101000586
75.5321175371212
83.31435559321132
91.72304093969422
100.78532385861651
110.53823358501788
121.0237064194363
132.27923575257248
144.3409207453957
157.25303933539232
171.05509016071008
185.7961028814107
201.51951756878617
218.26566399565309
236.0858402624384
255.0276249980376
275.1512746063868
296.49387472617974
319.11509716994317
343.0761452199062
368.41413267165666
395.1884782216241
423.482012027728
453.3200959972621
484.78286470094
517.9183738545768
552.7888851291884
589.4811510116003
628.0545552787516
668.5672888309298
710.995827997105
755.6745038075102
802.4091501841758
851.3699025208659
902.6331962138258
956.2571357350083
1012.3625382814815
1070.9535729459842
1132.145593096569
1196.0527156820042
1262.7093545728976
1332.1541033330348
25.91210484421278
29.311067822291538
33.05590753479051
37.16967588351086
41.67975267632374
46.616247069748475
52.00120597615395
57.868828689692755
64.25008091700886
71.17669087001688
78.68049571724306
86.79399588033182
95.55621115042004
105.00297685575822
115.16959412273567
126.10196593736612
137.8367861341029
150.4112419394709
163.87524261598435
178.27049709258014
193.64599393613292
210.04170280097912
227.50836776679506
246.0984576051233
265.8640455676671
286.85376718433764
309.1220119776771
332.72647101411866
357.7225995795066
384.169997159221
412.1127224780863
441.6251580542661
472.76537214519595
505.59557285954855
540.1867700108571
576.6300451326057
614.9401458660038
655.2024998874242
697.4982508615926
741.8976246757821
788.4533908592264
837.2628418748463
888.4083834289654
941.946917291984
997.9885748432847
1056.5392253247257
1117.7657533414701
1181.7153637341514
1248.4832790539037
1318.1009926958777
1390.7016591501092
26.962656747923038
30.502862056523355
34.40091028648222
38.684926139319465
43.38022213537097
48.5177197160073
54.126593674498274
60.23707871268418
66.8840255604504
74.09685121135637
81.91202385801094
90.3634205194053
99.49150945452881
109.33650246042649
119.92484491762256
131.31441244956233
143.54102111001947
156.6460859193784
170.67740709876892
185.68010101768274
201.70584227072186
218.79471245030862
237.00237659985686
256.3833100207634
276.98968292918437
298.8710405180303
322.088870348404
346.7015068052359
372.76698875122577
400.34857957878955
429.49163462143207
460.2751887267251
492.7590400188291
527.0091151656811
563.1098165352041
601.107279191094
641.074080101795
683.0837694595707
727.2191604734514
773.544672041607
822.1365563686459
873.0876106745624
926.4824223284397
982.348252360342
1040.8212654040772
1101.976365660071
1165.896248207921
1232.6720928725856
1302.3742340093333
1375.0974608886584
1450.9362952170322
28.04461726886871
31.72635289322785
35.78230809402758
40.2385713160958
45.126055567473166
50.472331242777145
56.30936974627825
62.67061880698116
69.58767276945994
77.09564526330995
85.23098646279581
94.02996345814982
103.53287325245672
113.78284497981878
124.80959677356692
136.66407209990876
149.4006370326398
163.0491316019705
177.66216188062788
193.2885932055019
209.97934533395718
227.78225458820287
246.75293663089735
266.945496445704
288.4093781538908
311.2121113759844
335.4075150922871
361.05807953976824
388.2238236955977
416.970214272341
447.3537151996853
479.4337686664582
513.2973631456421
549.0164670465822
586.6416911380785
626.2561951753319
667.9064143630613
711.7374307033148
757.7607199419344
806.0797936394098
856.7830111176177
909.9072168009494
965.5847293107119
1023.8878218022046
1084.8818767913283
1148.685707502478
1215.3695479899727
1285.0567193196623
1357.7880663772094
1433.6589926582574
1512.807887302666
29.153207997142292
32.98109476750405
37.19814817108398
41.83286200128071
46.91598012616874
52.47682381410737
58.5494639402929
65.16496302349105
72.3604591202191
80.17147222942737
88.63541604432797
97.79006433743416
107.67803146936136
118.33896136576065
129.8167010482048
142.15814723483615
155.4124443110266
169.61794721146933
184.828449125469
201.09659024441396
218.47071284030628
237.00535896557886
256.7604496398046
277.78357485656784
300.1354095250998
323.88325347511136
349.0825421894575
375.7892652526041
404.09181755917405
434.0352275700786
465.6883681050399
499.10906314510044
534.3963345319348
571.6030480846099
610.8048104518659
652.0856925329302
695.5096966480779
741.1659238593834
789.1168091233129
839.5168468079257
892.3257250218462
947.7199784846015
1005.7674829475135
1066.5407676267123
1130.140665723969
1196.6655295446876
1266.1990301845626
1338.8694058138578
1414.690416089776
1493.848974504403
1576.3922584739657
30.289624012912967
34.26711760907917
38.650560571527556
43.46818609210004
48.75202522987445
54.53375369986838
60.84560401818634
67.72312194142846
75.20519754514947
83.32598503687022
92.12730050775505
101.64821252237121
111.91738958540246
123.0173594419051
134.9498160938891
147.79337036407372
161.57942572118762
176.35432143673623
192.17874995366992
209.1051920991054
227.18125948806397
246.46948750813576
267.0273032764754
288.9035130243674
312.16658459684794
336.88339426931566
363.1115614194353
390.9199929003135
420.37354901115214
451.55032038072585
484.4950328965813
519.3031535511068
556.0383676982511
594.7811003390225
635.6038664526257
678.5997973332417
723.8240621482273
771.3926046170322
821.3294821392664
873.8037212238
928.8353768692624
986.5456314203423
1047.0278377099887
1110.3426841507126
1176.6143845618346
1245.9375318433863
1318.3961964133525
1394.1183002799135
1473.163013767083
1555.6435722603412
1641.6978098373668
31.45371760871523
35.58620910104584
40.139898407227975
45.1445632442525
50.63413965249519
56.641835367095304
63.19946701265645
70.34673817558382
78.12100542470596
86.56080882219935
95.70845648539404
105.59981165723889
116.29106012174782
127.81436573969131
140.22510521327948
153.54632788631827
167.90069597326743
183.2653171948422
199.71914614852756
217.3200641944836
236.11704325977345
256.1763258779135
277.55601236996137
300.30962850359634
324.50613247709026
350.22140965549494
377.5039175028564
406.4357188261955
437.0709660743763
469.50186722029787
503.79498879718216
540.014315033491
578.2426171496369
618.5635233081076
661.0517889332934
705.8001241548687
752.8587414993406
802.3734746545953
854.3912604744006
909.0099754980572
966.3094328012841
1026.3923033549106
1089.3617136277212
1155.3000573204865
1224.3152759635082
1296.5086834500185
1371.9999363679194
1450.85956702018
1533.164455662081
1619.0870541598342
1708.7240207296784
32.64768171136536
36.93829765506904
41.66621019214585
46.863040688883395
52.564901351170825
58.802242011638214
65.61266449097607
73.03604086780858
81.11089893515704
89.87750769734946
99.37647447182594
109.65475388514082
120.75977373940387
132.75110363244582
145.62526697273003
159.49116002755787
174.38148160040723
190.34975116639018
207.4513613892275
225.72488359893788
245.2783676197636
266.1287953146605
288.3489026334795
312.0035345749982
337.15923155787664
363.89584088733363
392.2607864142963
422.3445472123954
454.20861618568654
487.9245271740523
523.5919547614819
561.2605064930885
601.0151644851812
642.9533702527219
687.1687324046194
733.6960717659247
782.669632157848
834.1772507948895
888.2935501653693
945.1292963757526
1004.7463602100505
1067.2825711803332
1132.8039892015292
1201.4254127860577
1273.259362359783
1348.4016610391488
1426.982609961568
1509.030674927304
1594.739942492458
1684.2171198835108
1777.4947427371433
33.871579299349165
38.32407557595449
43.23035273155283
48.62376626425121
54.54145805248355
61.01565847857883
68.08484850446942
75.78940618682705
84.17406309806474
93.27492255089095
103.1339489148097
113.8062844081532
125.33431307392291
137.76933222499787
151.16039151833382
165.5598405337736
181.0255923880694
197.60686476381196
215.37212003834682
234.36994721926678
254.66733954975874
276.3280134343838
299.4127987867644
323.9886592442641
350.1322387554467
377.9087772306068
407.3857719597924
438.64872879177966
471.7639235061666
506.8091665278733
543.8783049193456
583.0345016229347
624.3613257385772
667.9617128592772
713.9127818804847
762.3049810839533
813.2345171095775
866.7862566111123
923.0620602245336
982.1615713116466
1044.164968998634
1109.1977909738243
1177.3471913655776
1248.7361414099191
1323.458234646333
1401.624901717251
1483.407670286423
1568.7345418638806
1657.9135362446762
1750.9785519009902
1848.074751945367
35.12389944408275
39.74238454133458
44.83196828048175
50.42700327773192
56.56617685985825
63.282292094237256
70.61744205809651
78.61305931499511
87.31104634825334
96.75056966968967
106.98535018859545
118.06125367330282
130.02522988839718
142.9311649089172
156.83227487309824
171.7767580601417
187.83050585708546
205.0451323122075
223.48798125363257
243.21239725057717
264.28767778945485
286.7773289828821
310.74616862429554
336.2704769988712
363.39826064670183
392.2679832360778
422.900463277476
455.36882040739926
489.7535011892177
526.1658384737884
564.6700848895103
605.368385978851
648.2875451358402
693.5914087804643
741.3410016619616
791.6358886379213
844.5542248397242
900.200714265549
958.653018960723
1020.1280219795362
1084.5829876144621
1152.17661694459
1223.0212120611359
1297.239143783144
1374.927927325718
1456.2145589360966
1541.1842230196855
1629.9460628901802
1722.6955977348055
1819.480664181712
1920.4578530480333
36.40667593536551
41.19522594383798
46.47200571340191
52.27440194332646
58.63911547453093
65.6035436985431
73.2118554557354
81.50092182202977
90.51932773884204
100.31396821045277
110.92958993259793
122.41843416935315
134.8298866187303
148.16308005720174
162.63711288028526
178.14414612955142
194.80041580240314
212.66510088739574
231.8001828060529
252.26799101029908
274.139862060598
297.4810093167035
322.3575701394604
348.85549738958446
377.0344059299664
406.97825934746953
438.76651589796523
472.4431799403965
508.1899924550803
545.9907850305563
585.9894761049953
628.2812651461284
672.8050394756942
719.849059620337
769.4458908484844
821.6789371289401
876.6506792466226
934.451463350824
995.2224009479005
1059.0328385799576
1125.9955067461372
1196.2223986841896
1269.8335048872393
1346.947504725518
1427.6710151939803
1512.1371989145764
1600.457520792262
1692.7026771698647
1789.0915583959415
1889.7352992327892
1994.681676167455
37.720064230266416
42.68204283023694
48.15114016945399
54.165130897192824
60.76086063990756
67.98035629530268
75.86444603837397
84.45866450170294
93.80756237578603
103.96122748085928
114.96735639851967
126.88295300761749
139.74818403425374
153.62794696957386
168.582081058214
184.66287331286676
201.93649639141816
220.46441044782918
240.30889471561505
261.5410514083861
284.22521413204703
308.43851229722344
334.25720232422094
361.7378052668668
390.9744485360976
422.0427614920786
455.02261918710616
490.022184865855
527.0668731721623
566.2667936119152
607.7904055332214
651.6365002927164
697.9225666750419
746.7500971929617
798.2410647279291
852.4362319433126
909.5272013649756
969.5347843982896
1032.6313684841737
1098.8866287913886
1168.40846317276
1241.3417774225902
1317.794855658811
1397.893619959067
1481.7161273675868
1569.4529267026971
1661.199743606332
1757.0542550936086
1857.128365391067
1961.654781228776
2070.6978947225516
39.06370733706507
44.20414286061377
49.870349400276716
56.09984215364153
62.934538467867796
70.40958975912103
78.58243902528855
87.48374692709561
97.172820021852
107.69444048477943
119.10022269194232
131.44859271552005
144.7815145957208
159.1670936338487
174.66685876748394
191.33487997532558
209.24094893521382
228.44691974662746
249.0220071868083
271.03209291937236
294.5518014797372
319.65936069633045
346.428442301708
374.9283625403814
405.2476831781621
437.4670291945464
471.67139070199266
507.9472303153727
546.3937699077146
587.0879396965289
630.1264635479799
675.6166457851973
723.6008021663607
774.3007388917995
827.7229235279065
883.9723007363829
943.1889357273174
1005.4775056494559
1070.9408828606224
1139.7092513052082
1211.8660842562097
1287.563534805026
1366.931074196149
1450.0468115934557
1537.1259312091
1628.2383059201643
1723.36770092265
1822.9046683899908
1926.8435493246006
2035.3913572052318
2148.637214513787
40.43886028779371
45.76121681949805
51.62838505371888
58.080105287012934
65.15536355769663
72.90053343509177
81.36150787486051
90.57679649536216
100.61561095863311
111.51422768318231
123.3270904396639
136.11934857505705
149.9309573196726
164.83581913963098
180.89351789877088
198.1625715443445
216.71789916336743
236.61673182699408
257.9364116252522
280.74711985658445
305.1182886029718
331.14616359529634
358.88464792550906
388.42519777558806
419.85210551004144
453.25263479258973
488.7068632723641
526.3205977818997
566.1764122472681
608.3666265463207
652.9924948686609
700.1593166891344
749.9543205153079
802.818444941881
857.8950667129606
916.2370648221627
977.6583137662836
1042.2621278715835
1110.1639781185447
1181.5065547875756
1256.360075565761
1334.937349013196
1417.2745535496965
1503.4112065843458
1593.8200859558594
1688.3003479533347
1787.085450361314
1890.3820706957708
1998.252426376
2110.895096247401
2228.433840989549
41.845078084342276
47.35401283738131
53.42637609928343
60.10235695797779
67.42809801279063
75.44560637483032
84.20049462551691
93.74771805220216
104.13702226713778
115.41650922226663
127.65392000752492
140.89353978091654
155.19865082856728
170.6346488825179
187.26224413498954
205.14815677892562
224.36635174791923
244.972987729367
267.0562449577313
290.68441402420007
315.93261031786744
342.89245965449726
371.6285015796986
402.23344410669586
434.7947287856836
469.41115189856066
506.1403274466753
545.1136703844343
586.4187714616885
630.1384415007223
676.3830531909912
725.2652728217379
776.8920760157177
831.3547185177326
888.7766449193839
949.2620134286738
1012.940264811475
1079.917069831421
1150.3242367115909
1224.331487758486
1301.878204795187
1383.3500623654163
1468.721604310627
1558.1027636358858
1651.843890248908
1749.844925318779
1852.3145873989283
1959.4395697434907
2071.360211119507
2188.22058506063
2310.132817797182
43.2830334795896
48.98224598196107
55.26474792124795
62.17213790513816
69.75199057772068
78.04784166640219
87.10764251233408
96.98713758987513
107.73846016694249
119.43399983301825
132.07659688295425
145.77436987525283
160.5869540949101
176.56296429673304
193.77723084544039
212.2897253576717
232.18561698289008
253.5177403534874
276.38356685747266
300.8427973628446
326.9970593720569
354.9043006744623
384.66175581362637
416.35709884822097
450.09184560414053
485.9075011720679
523.9717156048895
564.3412480566395
607.1213770087165
652.4137411293684
700.3219861249136
750.969897929501
804.456545348183
860.887177730007
920.3750592991083
983.0526945254413
1049.0169639454261
1118.4850092525837
1191.4118762798257
1268.0598990939704
1348.515081025181
1432.9226586891934
1521.4187749224325
1614.0818198560573
1711.232530297199
1812.8126415191002
1919.0837558755454
2030.1359388411624
2146.166848756876
2267.3290192082827
2393.761269109976
44.75307238068786
50.64838169482465
57.14468116840222
64.28881161670891
72.12791616490642
80.70646809444808
90.07915558152052
100.2987702865315
111.42034502176296
123.49999002702708
136.59789085592865
150.77398473332946
166.09364751347044
182.621648807824
200.43681459650634
219.59254449448878
240.17868103526368
262.255810555502
285.9185997787656
311.24021591975884
338.3046303758273
367.1916004325585
397.9847537660831
430.806260429969
465.70382366296207
502.80406480861706
542.2018308400851
584.0009717234469
628.2984069648243
675.1928273332821
724.8059529472309
777.2568919707078
832.6380037758643
891.0773245471902
952.6913950945116
1017.651868847509
1085.933788271519
1157.8481501849626
1233.4322301662423
1312.8398665977031
1396.176319366129
1483.533865615703
1575.3209963001214
1671.3907137306003
1771.9960457022758
1877.2517198538028
1987.3668775342217
2102.4705856536125
2222.723009184617
2348.295345716164
2479.365311294783