19.261455639412382
23.46867817158156
28.45844490546127
34.35270558184625
41.29086175880954
49.421149940925574
58.92072367777214
69.98203594030215
82.81912244974556
97.67235302239993
114.8060176266689
134.5141908504745
157.1212894429027
182.98423332389063
212.4980319410582
246.1025562230037
284.257936279439
327.50366491288327
376.3945147021718
431.55283383929594
493.6587690997642
563.4575878305303
641.7195590103939
729.3395206949306
827.2667200591452
936.5033544960469
1058.1621670563045
1193.4445057619564
1343.6058837322253
1510.063075599215
1694.3374138441086
1897.9167842362017
2122.614709353247
2370.2050541219446
2642.770230905347
2942.531014427788
3271.2616296781416
3631.8063747351325
4026.8156621427984
4458.826450058884
4930.893755330026
5446.118409813054
6007.7283101632365
6619.583619733694
7284.990451138778
8008.7311255866525
8794.259709600163
9646.41041159411
10570.953436845411
11569.830658503848
12651.815663172754