77.04778264121731
85.04703056932433
93.65194556048513
102.8945721473249
112.80572544725764
123.41814437050893
134.75923458846077
146.86441599818485
159.76689477229002
173.5010793944477
188.1055788802147
203.61097639067327
220.0573724318169
237.47861571242404
255.91593740815435
275.4041032060874
295.98659925602846
317.70340669436104
340.58275991344726
364.6912260002489
390.04824167206345
416.7079253094649
444.7169574200922
474.11001874113646
504.9367074656517
537.2475927851832
571.0729257703325
606.4771089116464
643.4953685156762
682.1908440538762
722.6069654064557
764.7929457115531
808.8054117535073
854.6722321301286
902.4779569992548
952.2669070715507
1004.0866001175214
1057.9867475816338
1114.0217214210636
1172.26881590014
1232.7531647936305
1295.5506601305437
1360.7344117232974
1428.3273820250347
1498.413173965693
1571.0605051949901
1646.31050903261
1724.2342784747916
1804.8777630582326
1888.2458626349473
1974.5543665492216
85.04703056932479
93.87580969350103
103.37444839021074
113.57924594520871
124.51838359096315
136.2303960000738
148.74865262252763
162.11141970515945
176.35447607625696
191.51402836144334
207.63540193807694
224.75099575993332
242.90375821629408
262.1190704530168
282.4847278065932
304.02002148361856
326.71020934518936
350.6833039117429
375.9393295505288
402.52954784947195
430.54203628808295
459.96964104181654
490.8854120475479
523.3298569070089
557.360245556494
593.0184053143738
630.408665631965
669.4496029862463
710.3106113773459
752.9756458863975
797.6354120184892
844.183479810185
892.7571867438429
943.3992621727916
996.1688415762513
1051.1207101410496
1108.320701260315
1167.8077449876034
1229.6649311466372
1293.957898411404
1360.711551303871
1430.0338064566702
1501.9710363857785
1576.5817940909037
1653.9536978748229
1734.1499173085929
1817.1751398917108
1903.200971090887
1992.2622819333608
2084.3873959688826
2179.6388506076773
93.65194556048512
103.37444839021069
113.83501553346261
125.07004587929684
137.11896322069984
150.01655657537017
163.80356551281926
178.51556985910065
194.1999397719516
210.89135741773018
228.64588550709215
247.49304680298627
267.4836663432864
288.6610576644584
311.0717434343394
334.75717215367877
359.7760618635036
386.16833554530615
413.98204427004595
443.2593679462981
474.1069081653606
506.5131911425965
540.5535366596941
576.282390119492
613.7582130821227
653.0246067099049
694.1422344459355
737.1764771007167
782.1838579863445
829.2343349669655
878.3465688827699
929.6065681608964
983.1058514531896
1038.860985647183
1096.98049230835
1157.4933881146062
1220.4633468851212
1285.9716153426418
1354.0802498438438
1424.860234643277
1498.3947778143938
1574.7453564655468
1653.9793623818923
1736.1628791825624
1821.3480763772743
1909.6276405672
2001.0652162443498
2095.7894317120313
2193.8207754164155
2295.2115644436963
2400.1476982941085
102.89457214732485
113.57924594520877
125.07004587929687
137.41481575707846
150.653641466849
164.82363533603717
179.96976195474298
196.1327360257983
213.36571619923873
231.70745786294353
251.21189987336467
271.9177433046697
293.8819380672822
317.14861572579053
341.7649542815537
367.7905251016275
395.27578702995646
424.27531559188145
454.8298332720771
487.024344435847
520.8977929569634
556.5015117700103
593.9064255779233
633.1585352757376
674.3238835628138
717.466976112598
762.6479601688751
809.9238247383191
859.3733853312107
911.0581773910176
965.0292962561648
1021.3526233590219
1080.1135047892988
1141.397980033407
1205.2483675696687
1271.7471924847832
1340.9135855800607
1412.9086997444585
1487.7673758086119
1565.5144466219792
1646.2862654275348
1730.1688226679285
1817.216382135984
1907.496302946369
2001.0784336242648
2097.995793974007
2198.5656670517365
2302.614085146728
2410.33798230313
2521.6750159795197
2636.9152621084477
112.80572544725773
124.51838359096338
137.11896322069973
150.6536414668492
165.16454999086628
180.69916158129544
197.3012112121036
215.02451456965423
233.9117032520677
254.0258447111016
275.40496573929727
298.106019875848
322.1839961155239
347.69913519041654
374.6784521105005
403.21325247901115
433.34796316103154
465.14212513348775
498.6427675663695
533.9203644732547
571.0716140992233
610.1031818921024
651.1042013445506
694.1327193332941
739.2641901975043
786.5571306850015
836.0873634161082
887.950579114804
942.1634748244905
998.8169006383238
1057.9872560146987
1119.7465721445799
1184.181829585981
1251.317515674088
1321.3195066370718
1394.2074156979131
1470.0484362572035
1548.9694445648652
1631.017467298268
1716.302336952286
1804.8578356795265
1896.836134580746
1992.2489402975182
2091.255076006982
2193.8392352267097
2300.1734375197225
2410.393369023447
2524.405738864731
2642.468622590135
2764.6295514583644
2890.9130567894354
123.418144370509
136.23039600007343
150.01655657537023
164.82363533603632
180.69916158129567
197.69484268091873
215.85582538882647
235.22598779152815
255.91137092290714
277.9134522049279
301.30441741906515
326.14089149826896
352.4818473542992
380.3871612432304
409.9195608403375
441.135043977947
474.10084612219526
508.88559843382245
545.5364915573475
584.1317137664464
624.7441968639641
667.4781272272503
712.3393272934646
759.4190776337542
808.7977122107088
860.5568824560459
914.7448651583449
971.4564198409508
1030.7290162567924
1092.7541006026734
1157.4900981333965
1225.060868550225
1295.5410035493526
1369.0331977053447
1445.6126140100923
1525.3289107439966
1608.3170955287653
1694.6595558507947
1784.4229972451396
1877.7258663348155
1974.6424942287201
2075.240747719458
2179.633584944122
2287.976352565094
2400.2473808918735
2516.530055993044
2637.0276282531886
2761.8198767319805
2891.003008088293
3024.7017624977666
3162.784993050469
134.75923458846086
148.7486526225273
163.80356551281855
179.96976195474338
197.30121121210402
215.85582538882633
235.69007438062118
256.86189605105733
279.4285456675803
303.4523641542151
328.99427709354626
356.1134456330232
384.88392467440286
415.34682886906563
447.5821042776363
481.66715497347195
517.6640868973299
555.6468710086775
595.672827771605
637.8207563000722
682.1905543792196
728.8239281629811
777.8012466677575
829.2196879132936
883.0884249134307
939.645401684689
998.8159685416999
1060.727690819729
1125.5875923979738
1193.1801926808473
1263.8523671268185
1337.6318879251128
1414.6007891727922
1494.8590958576053
1578.401496023449
1665.558057056592
1756.1422173053968
1850.4220629541378
1948.4396169309555
2050.323359899483
2156.1091377569455
2265.9270939310445
2379.8908791620725
2498.0755411385276
2620.755109507667
2747.768996571899
2879.3477043453404
3015.7801998515256
3156.640543946077
3302.6189954333263
3453.480275534077
146.86441599818514
162.11141970515968
178.51556985910076
196.13273602579838
215.02451456965437
235.22598779152798
256.86189605105557
279.93601500779295
304.5330974110864
330.71575004447254
358.54769343528915
388.1024744421003
419.44969716865637
452.6622714818806
487.805210969052
524.953612127825
564.1849414087498
605.5875224162334
649.1948282111173
695.1285193690157
743.4663030873278
794.2698598015397
847.6893095486424
903.7179832413639
962.4767290920461
1024.0563229120469
1088.5443318619048
1156.0341636979795
1226.602721501842
1300.3530339289389
1377.3942565519144
1457.802269540736
1541.6866835981507
1629.1696320262156
1720.2900839119068
1815.1731064257738
1913.9388724693742
2016.6886536783668
2123.452477621314
2234.4769734080014
2349.785293935974
2469.469198574783
2593.6728841539957
2722.5197756319812
2856.120611411914
2994.5766390042468
3137.9801844569506
3286.5383197606025
3440.2935020080017
3599.2957100700473
3763.8878000433624
159.76689477228967
176.35447607625684
194.1999397719515
213.36571619923842
233.9117032520675
255.91137092290668
279.42854566758103
304.5330974110868
331.28715458109633
359.76869123213294
390.0515075659651
422.2057317103864
456.3058049100248
492.4315515067319
530.6619208509428
571.0626897795653
613.7507598024905
658.7702772910565
706.2302602751812
756.2147814680641
808.7851185389312
864.0875191761965
922.1675617299662
983.1130548612632
1047.0333388688491
1114.0246206759105
1184.1837282569536
1257.5987079871718
1334.3811021317472
1414.622155309193
1498.4281775853497
1585.8976101827454
1677.162747058383
1772.3248301624753
1871.4524879778542
1974.6322269046416
2082.0607814496066
2193.813103661443
2310.031801483854
2430.8254234168094
2556.209900570656
2686.4267177646607
2821.5399553105626
2961.658219807686
3107.014631695006
3257.63029106902
3413.6651309908043
3575.2537976273893
3742.503895665385
3915.530724113776
4094.5050430850433
173.50107939444766
191.5140283614433
210.8913574177299
231.70745786294407
254.0258447111017
277.9134522049268
303.452364154215
330.7157500444719
359.76869123213345
390.70058117936964
423.58499722639925
458.50046576282983
495.53091242789054
534.7649675161322
576.2673036093206
620.1680542536033
666.5180429504413
715.4100952400436
766.9490031283246
821.2350675958128
878.3244540887893
938.3626311314482
1001.4038289100697
1067.6338714888927
1137.0479474975555
1209.7806978172669
1285.9680457829857
1365.7389837876356
1449.1529247398305
1536.2498928356679
1627.2382594153207
1722.2381935237158
1821.3593192681358
1924.6500603732718
2032.2775255909423
2144.3799589609307
2261.046599618495
2382.4569586468206
2508.6622186981076
2639.8088218130933
2776.026196322748
2917.4127967498243
3064.1390382599197
3216.3271337477177
3374.1450627714153
3537.7064511469443
3707.145999967455
3882.4594633092943
4064.205384380996
4252.123186861971
4446.617138083326
188.10557888021472
207.6354019380774
228.64588550709138
251.21189987336385
275.404965739298
301.3044174190651
328.99427709354563
358.54769343528966
390.0515075659654
423.58499722639766
459.2368234439003
497.09032909662335
537.2392001425436
579.7711332640838
624.7719305799924
672.354737791708
722.6037590932548
775.6325115041928
831.5000438573719
890.3510213225082
952.2560013634936
1017.3286666459442
1085.7331226962153
1157.4996725289836
1232.757150611409
1311.6279603341784
1394.2507415457067
1480.6823771843865
1571.075893040607
1665.5277230684896
1764.2052765738022
1867.2179246646958
1974.6421373859719
2086.6288997354436
2203.342200160924
2324.8858052593596
2451.398754824097
2582.9990676911834
2719.7373126509724
2861.9670530515145
3009.6359258889297
3162.932999296441
3322.015259048261
3486.96607653281
3658.104812375076
3835.4464899860677
4019.140286235733
4209.392215251494
4406.2489891174555
4610.02110428436
4820.792638600339
203.6109763906732
224.7509957599339
247.49304680298636
271.9177433046699
298.10601987584766
326.1408914982694
356.1134456330232
388.1024744420995
422.20573171038615
458.5004657628274
497.0903290966226
538.0661103886962
581.5226507074925
627.5616042348303
676.2722485887474
727.7621225354261
782.1638828006719
839.5481015276531
900.0332004733833
963.7186381471291
1030.7506044905629
1101.1807408567986
1175.2142971008227
1252.8777032497778
1334.3949853304398
1419.692258806188
1509.1751840411919
1602.672032312066
1700.565816169191
1802.8601945362957
1909.688587809337
2021.1200298044798
2137.400110956656
2258.624973297102
2384.948676608702
2516.4862661061384
2653.427649098569
2795.842545322666
2943.936738808545
3097.832721584474
3257.6893138904998
3423.592960346172
3595.785504496726
3774.4228900135786
3959.644201007495
4151.600150188265
4350.432957285013
4556.360993276967
4769.491958873315
4990.058255040566
5218.134712034261
220.0573724318168
242.9037582162945
267.48366634328636
293.881938067282
322.18399611552377
352.4818473542984
384.883924674402
419.44969716865506
456.30580491002416
495.5309124278898
537.2392001425444
581.5226507074926
628.4893169767746
678.228478812732
730.8982355232059
786.545890773728
845.3180097394185
907.3728896941727
972.718358475268
1041.57232159343
1114.0080288051893
1190.1227895836146
1270.1095478583215
1354.09832479467
1442.0854330957839
1534.374503286428
1631.0100642647499
1732.2208371217853
1837.8873122167483
1948.4155030618278
2063.8317637385567
2184.401452659663
2309.982114718309
2440.9559655517
2577.5165866552643
2719.7169031700855
2867.7650181863287
3021.7086294365513
3181.653970038248
3348.172421983965
3520.795877151506
3700.0890399679874
3886.2163249867385
4079.2962434313545
4279.48239414195
4486.94771564393
4701.947941357375
4924.395474154361
5154.754680957716
5393.065460094414
5639.584459588315
237.47861571242458
262.11907045301643
288.6610576644597
317.1486157257903
347.6991351904155
380.38716124322997
415.34682886906495
452.6622714818818
492.4315515067308
534.764967516131
579.7711332640824
627.5616042348297
678.2284788127325
731.9356304587731
788.7511793930523
848.8094821483214
912.2536751244189
979.1678635977509
1049.6072489934324
1124.0378780022604
1202.2131777249156
1284.3806574933885
1370.678962602809
1461.265568998014
1556.154533878448
1655.8316393686082
1760.1359489234583
1869.2651830535913
1983.4038143884713
2102.666221539911
2227.205374175982
2357.22342809576
2492.8586697467726
2634.2597027003258
2781.6003139530458
2935.0509748200357
3094.7194972996454
3260.8649688496876
3433.5883533376573
3613.089736317806
3799.5263496328676
3993.0101755540745
4194.008182340604
4402.390466921403
4618.446675862466
4842.239780221783
5074.123229314878
5314.426302901968
5562.868405458056
5820.0796122597
6086.105077881404
255.9159374081546
282.4847278065926
311.07174343433877
341.7649542815537
374.67845211049945
409.91956084033757
447.5821042776357
487.8052109690514
530.6619208509452
576.2673036093175
624.771930579994
676.2722485887456
730.898235523205
788.7511793930531
849.9731783575072
914.7155198937783
983.0621595188901
1055.201106307608
1131.2433834043875
1211.3156656222222
1295.544600316772
1384.100930900636
1477.0651840753442
1574.696975372037
1677.0293871419321
1784.309384454788
1896.771152742502
2014.3831822661377
2137.373674099857
2265.8570887966307
2400.083073043021
2540.1915636515764
2686.3564636386313
2838.7599889526487
2997.5548779594433
3162.8981203550375
3334.980757897461
3513.9999590164844
3700.1213610559644
3893.5425260460047
4094.4544991254947
4303.0419039660055
4519.4993489329845
4744.040015359658
4976.835649147322
5218.226147801971
5468.17099306964
5726.926815067139
5995.029536962004
6272.068981946417
6558.721880560118
275.4041032060878
304.0200214836197
334.7571721536791
367.7905251016273
403.2132524790109
441.135043977948
481.6671549734721
524.9536121278265
571.0626897795634
620.1680542536034
672.3547377917068
727.7621225354253
786.545890773726
848.8094821483193
914.7155198937804
984.3662890185896
1057.9346213509757
1135.541517248633
1217.4023755789492
1303.5589615798892
1394.208124541192
1489.4985775459238
1589.5752590859404
1694.6154760592428
1804.717887986124
1920.3022933691434
2041.1875709179612
2167.7668528591103
2300.093725464661
2438.4112202791675
2582.8516780860996
2733.6267892278074
2890.9248489249308
3055.0089520450597
3225.8526021686116
3403.7792190751125
3588.8408764238643
3781.6219928755745
3981.949638672941
4190.08166676277
4406.267133685066
4630.740297274378
4863.712825393044
5105.339328193158
5355.887724684747
5615.573390292206
5884.581449436276
6163.025046218029
6451.313069088896
6749.692277313096
7058.087094777098
295.9865992560291
326.7102093451883
359.7760618635032
395.2757870299564
433.3479631610309
474.10084612219345
517.6640868973286
564.1849414087495
613.7507598024908
666.518042950441
722.6037590932572
782.1638828006747
845.318009739416
912.253675124419
983.0621595188887
1057.9346213509743
1136.9987714870713
1220.4269813984693
1308.3805170129317
1400.9969509061152
1498.4045974746984
1600.806823360765
1708.3746067525278
1821.2492215630464
1939.5804243126968
2063.7962714188034
2193.7448219513276
2329.6392685579544
2471.9582368111724
2620.606630805035
2775.8628721330524
2937.92963296538
3107.0101016204503
3283.281942284292
3466.933872655749
3658.191382122756
3857.218541894577
4064.2673126493487
4279.539144499921
4503.232585444507
4735.621970174018
4976.8851079309725
5227.236566085322
5486.927328865556
5756.1655441550565
6035.216732040528
6324.351073807252
6623.666848143064
6933.525519774188
7254.079124224654
7585.84306311569
317.70340669436047
350.6833039117425
386.1683355453054
424.27531559188117
465.1421251334864
508.88559843382353
555.6468710086784
605.5875224162331
658.7702772910544
715.4100952400436
775.632511504193
839.5481015276536
907.3728896941741
979.1678635977482
1055.201106307609
1135.5415172486394
1220.4269813984672
1309.9895935158768
1404.3844305837256
1503.751893470292
1608.303497191754
1718.2299729908432
1833.6952608210017
1954.8014590312998
2081.9181833334105
2215.149517149444
2354.648210807119
2499.6216611249106
2653.316857185123
2812.871551610745
2979.514866547176
3153.4786971299086
3334.9673245830977
3524.167140647835
3721.262560629206
3926.5181952219136
4140.193158229731
4362.460240863098
4593.537050825223
4833.618804722153
5083.053512889586
5342.0098370167325
5610.746456747147
5889.47898048634
6178.500114457536
6478.003560664453
6788.325236110601
7109.630272863009
7442.167337514604
7786.210592617834
8142.115980049358
340.58275991344584
375.9393295505284
413.982044270046
454.8298332720765
498.64276756636866
545.5364915573465
595.6728277716029
649.1948282111149
706.2302602751813
766.9490031283259
831.5000438573718
900.0332004733831
972.7183584752675
1049.6072489934284
1131.2433834043904
1217.4023755789515
1308.380517012931
1404.384430583731
1505.5703627600362
1612.0790714790899
1724.1986863592224
1842.0434583306812
1965.812282191474
2095.65622357508
2231.9727706146728
2374.868614240224
2524.261603144969
2680.808607763517
2844.3709014725932
3015.54002448495
3194.1997126278525
3380.6840550990905
3575.252723640609
3778.056598509453
3989.356166689214
4209.428147112929
4438.460595467615
4676.745173389884
4924.305773768374
5181.681591312548
5449.187991562002
5726.773858590913
6014.847904594727
6313.883485622488
6623.636011113002
6944.7206325498
7277.361756900493
7621.841517886604
7978.44751735902
8347.291413555886
8728.710750235678
364.6912260002493
402.5295478494727
443.25936794629877
487.0243444358461
533.9203644732542
584.1317137664453
637.820756300072
695.1285193690135
756.2147814680629
821.2350675958116
890.3510213225064
963.7186381471266
1041.5723215934263
1124.0378780022627
1211.315665622227
1303.5589615798915
1400.9969509061118
1503.751893470294
1612.0790714790903
1726.1975104497335
1846.2070494255331
1972.388377397953
2104.9318961167787
2243.997096689842
2389.9544553345036
2542.8203501690487
2702.8548384814003
2870.470845846299
3045.7953297270806
3228.8356883173024
3420.2722731847075
3619.9819281283976
3828.221991628774
4045.4508769826025
4271.705310156859
4507.332674431391
4752.572361749867
5007.696231175333
5272.886683883768
5548.564148574009
5835.006937549252
6132.213379203988
6440.657835826359
6760.683281720117
7092.44314587291
7436.905753985151
7792.35596289514
8161.215034853628
8542.966400573998
8937.990129380378
9346.594208041111
390.0482416720641
430.54203628808176
474.10690816536135
520.8977929569608
571.071614099222
624.744196863964
682.1905543792177
743.4663030873279
808.7851185389263
878.3244540887918
952.2560013634917
1030.7506044905622
1114.0080288051865
1202.2131777249192
1295.5446003167679
1394.2081245411925
1498.4045974746962
1608.3034971917514
1724.1986863592226
1846.2070494255363
1974.585812822504
2109.519697474062
2251.288973777136
2400.046888362892
2556.152972756299
2719.693539722958
2890.88300941081
3070.0658210770225
3257.578783329443
3453.4677045443323
3657.947785765436
3871.534631811674
4094.524124517166
4326.77864632712
4568.773463775303
4820.7859497674435
5083.182318464083
5355.88637671392
5639.560915106747
5934.471936857084
6240.62968006421
6558.6217070603725
6888.521728939367
7230.740365850954
7585.569069972864
7953.307077055762
8334.29241480271
8728.726398722465
9137.033832361563
9559.595804120372
9996.529988599437
416.70792530946494
459.9696410418153
506.5131911425966
556.5015117700103
610.1031818921023
667.4781272272505
728.8239281629809
794.2698598015395
864.0875191761958
938.3626311314486
1017.3286666459458
1101.180740856795
1190.1227895836157
1284.3806574933897
1384.1009309006372
1489.498577545927
1600.806823360767
1718.2299729908416
1842.0434583306755
1972.3883773979499
2109.519697474057
2253.719523370298
2405.0859016050017
2564.1495279959995
2730.864811365539
2905.5365434374735
3088.5165153168573
3280.0225291949205
3480.2951850658833
3689.4703383567216
3908.0693071219107
4136.227123083568
4374.323905800675
4622.505192652869
4881.098829483597
5150.334516839921
5430.501320117013
5721.972155435068
6025.028404697468
6340.007067306375
6667.1764781676275
7006.872357750336
7359.3266110282
7724.929175064216
8104.756049191926
8496.94884818549
8903.836644696132
9325.340357578338
9761.536598374998
10213.007558068804
10679.776986999952
444.71695742009143
490.8854120475472
540.5535366596941
593.9064255779246
651.104201344551
712.3393272934641
777.8012466677577
847.6893095486404
922.1675617299655
1001.4038289100673
1085.7331226962126
1175.2142971008225
1270.1095478583227
1370.678962602809
1477.065184075344
1589.575259085944
1708.3746067525349
1833.6952608209986
1965.8122821914774
2104.9318961167824
2251.2889737771397
2405.0859016050085
2566.712650633215
2736.4132847404862
2914.386093426838
3100.8246699050533
3296.0839571041756
3500.4864313013627
3714.1971005624337
3937.4426162563627
4170.856849740156
4414.195624791626
4667.986318572547
4932.874559339396
5208.952246121481
5496.179236862401
5795.324471955365
6106.3657333359015
6429.9414605576385
6766.058834000177
7115.2259078879515
7477.754022137088
7853.869832130373
8244.069419256728
8648.684014182329
9067.922871243238
9502.235726000972
9952.163999977513
10417.663376574232
10899.056864351112
11397.339942623792
474.1100187411354
523.3298569070078
576.2823901194923
633.1585352757348
694.1327193332926
759.4190776337574
829.2196879132925
903.717983241363
983.1130548612613
1067.6338714888943
1157.4996725289795
1252.8777032497828
1354.0983247946672
1461.2655689980102
1574.6969753720339
1694.6154760592406
1821.2492215630466
1954.8014590312994
2095.6562235750766
2243.997096689827
2400.0468883629
2564.1495279959922
2736.4132847404994
2917.3183454570185
3106.993134055574
3305.926460177609
3514.047850075745
3731.851059379513
3959.7071088922185
4197.82529739094
4446.470166783162
4706.031148554019
4976.797656477168
5259.102099295411
5552.951670100036
5859.47454203212
6178.44694176214
6510.0799009394605
6854.89982172202
7213.256501355574
7585.5168215830845
7972.029594858706
8372.989063552197
8788.988043162242
9220.712014343098
9667.050993141445
10129.99813055572
10609.84432072973
11106.211908296455
11619.680180930554
12150.630655157054
504.93670746565124
557.3602455564941
613.7582130821237
674.3238835628156
739.2641901975055
808.7977122107105
883.0884249134289
962.4767290920489
1047.0333388688528
1137.0479474975625
1232.7571506114089
1334.3949853304405
1442.0854330957848
1556.154533878452
1677.0293871419335
1804.717887986127
1939.5804243126977
2081.918183333412
2231.972770614674
2389.954455334501
2556.1529727562997
2730.8648113655386
2914.3860934268337
3106.9931340555713
3309.049266154879
3520.7598950885163
3742.4673551698957
3974.5161111252846
4217.167813656697
4470.795399603785
4735.649958997124
5012.108286903883
5300.393375365944
5600.930536198739
5914.190409323089
6240.3442957945545
6579.848994026921
6933.260348176642
7300.62568493893
7682.306161816548
8078.77590467052
8490.374950461644
8917.186498170882
9360.241865115273
9819.792066171236
10295.834806919678
10789.0262636061
11299.694125948288
11828.198211765066
12375.160478922902
12940.56393603132
537.2475927851823
593.0184053143752
653.0246067099049
717.4669761125983
786.5571306850001
860.5568824560444
939.6454016846868
1024.0563229120505
1114.02462067591
1209.7806978172678
1311.6279603341818
1419.6922588061864
1534.3745032864288
1655.8316393686043
1784.3093844547934
1920.3022933691423
2063.7962714188016
2215.1495171494353
2374.86861424023
2542.820350169045
2719.6935397229636
2905.5365434374717
3100.8246699050483
3305.9264601776135
3520.759895088522
3746.018746885682
3981.8538235964784
4228.804431526231
4486.977505892081
4756.843017272288
5038.623139398065
5332.730878856235
5639.558537388764
5959.357932225522
6292.706818410289
6639.794165880386
7000.808868449094
7376.610101143882
7767.357283362717
8173.446918585044
8595.292686668381
9033.374986604651
9487.995321968885
9959.35894712679
10448.037408111857
10954.673737730209
11479.443642909211
12022.664377867832
12585.049753591387
13166.786764810284
13770.32166642378
571.0729257703335
630.4086656319662
694.1422344459326
762.6479601688767
836.0873634161098
914.7448651583434
998.8159685416998
1088.5443318619034
1184.1837282569531
1285.9680457829884
1394.2507415457094
1509.175184041195
1631.0100642647494
1760.1359489234637
1896.7711527425056
2041.1875709179646
2193.744821951325
2354.6482108071204
2524.2616031449693
2702.8548384813976
2890.883009410816
3088.5165153168614
3296.0839571041806
3514.0478500757526
3742.467355169905
3981.8538235964725
4232.6944173640995
4495.104832579896
4769.5461202142815
5056.371894326069
5355.908882689187
5668.5937602921485
5994.621342628464
6334.843864719654
6689.148545389728
7058.129812406964
7442.096623043697
7841.22986599578
8256.530423692226
8688.16097710006
9136.540040001484
9602.238821904182
10086.027840898565
10586.346003847804
11105.96744948284
11644.327966705918
12202.061300138166
12779.798214253822
13377.508035569186
13995.943853502837
14635.40845311355
606.4771089116489
669.4496029862441
737.1764771007184
809.9238247383213
887.9505791148022
971.4564198409496
1060.727690819724
1156.0341636979822
1257.5987079871684
1365.7389837876358
1480.6823771843835
1602.6720323120603
1732.2208371217823
1869.265183053592
2014.3831822661348
2167.7668528591144
2329.6392685579453
2499.6216611249133
2680.808607763515
2870.4708458463024
3070.0658210770202
3280.022529194911
3500.486431301351
3731.8510593795177
3974.5161111252833
4228.804431526248
4495.104832579873
4773.783973961737
5065.26234002484
5369.852418660249
5687.999856355535
6019.9173710389405
6366.4361981327875
6727.562412744161
7103.671023768839
7495.476704238595
7903.476479847245
8327.726705631918
8768.793075637082
9227.055947458854
9702.97643985454
10197.32221606556
10710.304012400153
11242.694484083288
11794.519311423845
12366.214504599175
12958.376269512917
13572.045227351664
14206.762534697084
14863.543743967992
15542.737550692787
643.4953685156783
710.3106113773482
782.1838579863416
859.3733853312086
942.1634748244933
1030.729016256789
1125.5875923979797
1226.6027215018478
1334.381102131751
1449.1529247398291
1571.0758930406066
1700.5658161691917
1837.8873122167504
1983.4038143884777
2137.3736740998547
2300.09372546467
2471.9582368111796
2653.316857185125
2844.3709014725887
3045.795329727084
3257.5787833294444
3480.295185065885
3714.197100562435
3959.7071088922225
4217.167813656694
4486.977505892097
4769.546120214297
5065.262340024827
5374.534496284685
5697.708120730419
6035.24911653062
6387.437627338602
6754.967212853688
7138.1334535870055
7537.541662884121
7953.278186720478
8386.005124457211
8836.149535623383
9304.194162816913
9790.590597151631
10295.84264621234
10820.387372246007
11364.375442805167
11928.933098269741
12514.253316678027
13120.901250898809
13749.56288426074
14400.541886270403
15074.099257918693
15770.817579559498
16491.660409930926
682.1908440538741
752.9756458863965
829.2343349669645
911.0581773910193
998.8169006383254
1092.7541006026734
1193.1801926808434
1300.3530339289402
1414.6221553092003
1536.2498928356654
1665.527723068491
1802.860194536299
1948.4155030618292
2102.666221539915
2265.85708879663
2438.411220279178
2620.606630805046
2812.871551610746
3015.540024484948
3228.8356883173033
3453.46770454433
3689.4703383567244
3937.4426162563623
4197.825297390945
4470.795399603796
4756.8430172722865
5056.371894326096
5369.852418660264
5697.708120730426
6040.334512190004
6397.882824280716
6771.53703500984
7161.341786708645
7567.559631948067
7990.790743012177
8431.527805004685
8890.275299463847
9367.504194478664
9863.673633168952
10379.327294141025
10915.051268321133
11471.038125848952
12048.098125643546
12646.72030473014
13266.921913847522
13910.064712945135
14576.175674776217
15266.426454292816
15980.46510450758
16719.163291514524
17483.52329715417
722.6069654064534
797.6354120184862
878.3465688827704
965.0292962561693
1057.9872560146987
1157.4900981333963
1263.852367126819
1377.3942565519178
1498.428177585352
1627.2382594153185
1764.2052765738017
1909.6885878093376
2063.831763738548
2227.2053741759773
2400.083073043022
2582.851678086098
2775.8628721330597
2979.5148665471897
3194.1997126278534
3420.272273184693
3657.9477857654288
3908.069307121916
4170.856849740141
4446.470166783163
4735.649958997126
5038.623139398054
5355.9088826891975
5687.999856355552
6035.249116530633
6397.88282428068
6777.214674851943
7172.861274678278
7585.581091996719
8015.869028411289
8464.200489816916
8931.014124384626
9416.964280545035
9922.463960904766
10448.02887482633
10994.29610713491
11561.673774002436
12150.595367478254
12761.97034433626
13395.973591210222
14053.340871038718
14734.487382016241
15439.601726487608
16170.832716175284
16927.20189329796
17709.727928961256
18519.200194136618
764.792945711554
844.1834798101883
929.606568160895
1021.352623359023
1119.746572144583
1225.0608685502273
1337.6318879251205
1457.8022695407421
1585.8976101827504
1722.2381935237136
1867.2179246647052
2021.1200298044805
2184.4014526596634
2357.2234280957673
2540.1915636515796
2733.626789227806
2937.9296329653725
3153.4786971299204
3380.684055099091
3619.9819281283994
3871.53463181167
4136.227123083583
4414.19562479163
4706.031148554019
5012.108286903889
5332.7308788562505
5668.593760292162
6019.91737103895
6387.437627338602
6771.537035009833
7172.861274678287
7591.606273947656
8028.419136487596
8483.80953285011
8958.30980910219
9452.406075137937
9966.702936615522
10501.730446121139
11057.977989582534
11636.115305594
12236.639274599444
12860.035568270492
13507.015110371392
14177.963353151452
14873.638344193738
15594.643400972438
16341.27475183296
17114.771882859335
17915.395774528366
18743.969928686445
19600.16573377573
808.805411753513
892.7571867438429
983.105851453189
1080.1135047892963
1184.1818295859784
1295.5410035493558
1414.6007891727952
1541.6866835981486
1677.1627470583844
1821.3593192681365
1974.6421373859794
2137.4001109566643
2309.9821147183125
2492.8586697467863
2686.3564636386445
2890.924848924929
3107.0101016204603
3334.9673245831023
3575.2527236406063
3828.221991628769
4094.524124517174
4374.323905800679
4667.986318572552
4976.797656477175
5300.39337536595
5639.558537388773
5994.621342628493
6366.436198132809
6754.967212853681
7161.341786708631
7585.58109199674
8028.419136487603
8490.356283121895
8971.978764120495
9473.769578006917
9996.298392891735
10540.21123942145
11105.993610582687
11694.293452613974
12305.662049249106
12940.694477977986
13599.976213969632
14284.192872080408
14993.750171125574
15729.435358643515
16491.713238014618
17281.702991486163
18099.778935593924
18945.682775923146
19822.330851005172
20728.395057487684
854.6722321301282
943.3992621727903
1038.8609856471792
1141.3979800334043
1251.3175156740865
1369.0331977053434
1494.8590958576121
1629.1696320262158
1772.3248301624744
1924.6500603732752
2086.628899735453
2258.624973297111
2440.9559655517005
2634.2597027003303
2838.759988952654
3055.0089520450642
3283.281942284283
3524.1671406478404
3778.0565985094586
4045.4508769826107
4326.778646327116
4622.505192652886
4932.874559339395
5259.102099295409
5600.930536198741
5959.357932225538
6334.8438647196535
6727.562412744168
7138.13345358699
7567.559631948036
8015.869028411295
8483.809532850126
8971.978764120475
9480.917651460422
10011.15542060287
10563.349315348107
11138.1202306106
11736.016342027948
12357.660826392883
13003.672536620885
13674.66753809127
14371.407054467423
15094.404844732207
15844.249386399433
16621.91724275242
17427.415824624895
18261.76838141562
19126.05956079464
20020.689858900638
20946.795689981325
21904.068376164352
902.4779569992577
996.1688415762513
1096.9804923083548
1205.2483675696735
1321.3195066370724
1445.612614010092
1578.4014960234529
1720.2900839119068
1871.4524879778576
2032.2775255909453
2203.3422001609274
2384.948676608701
2577.516586655257
2781.6003139530367
2997.554877959451
3225.8526021686043
3466.9338726557557
3721.262560629207
3989.3561666892224
4271.705310156864
4568.773463775293
4881.098829483587
5208.952246121475
5552.951670100034
5914.190409323092
6292.7068184102845
6689.148545389719
7103.671023768841
7537.541662884114
7990.79074301217
8464.200489816903
8958.30980910221
9473.769578006917
10011.155420602841
10571.093938124593
11154.139942555008
11761.043787342549
12392.420447399343
13048.818819846543
13730.942887957204
14439.632171784866
15175.409341691207
15938.768521474612
16730.686101277563
17551.247363019345
18401.80825116274
19283.170321375757
20195.731275399336
21140.75068992875
22118.139127981616
23129.19443492515
952.2669070715533
1051.1207101410462
1157.4933881146087
1271.7471924847857
1394.2074156979174
1525.3289107440012
1665.5580570565933
1815.1731064257744
1974.6322269046454
2144.3799589609253
2324.885805259361
2516.486266106139
2719.7169031700846
2935.050974820039
3162.898120355041
3403.7792190751106
3658.1913821227577
3926.5181952219127
4209.42814711292
4507.332674431382
4820.7859497674435
5150.334516839918
5496.179236862372
5859.474542032118
6240.344295794574
6639.794165880406
7058.129812406966
7495.476704238598
7953.2781867204685
8431.52780500465
8931.014124384565
9452.406075137931
9996.29839289173
10563.34931534811
11154.139942555023
11769.387500599742
12409.756286022703
13075.929981350102
13768.539438458176
14488.625422753335
15236.326917953278
16012.218429010134
16817.66362912886
17653.11359124041
18519.200287265703
19416.80025179258
20346.674885844288
21309.906566541977
22306.992280869676
23338.21642043652
24405.214594060548
1004.0866001175232
1108.3207012603164
1220.4633468851243
1340.91358558007
1470.0484362572072
1608.3170955287633
1756.1422173054002
1913.9388724693786
2082.0607814496093
2261.0465996185003
2451.3987548240993
2653.4276490985617
2867.7650181863387
3094.719497299658
3334.980757897468
3588.8408764238616
3857.2185418945764
4140.1931582297175
4438.460595467633
4752.57236174987
5083.182318464101
5430.501320117019
5795.32447195537
6178.446941762145
6579.848994026913
7000.8088684491
7442.096623043687
7903.476479847266
8386.005124457182
8890.27529946382
9416.964280545026
9966.702936615531
10540.211239421442
11138.120230610657
11761.04378734259
12409.756286022699
13085.372053960158
13787.649673499745
14517.70997008233
15276.73933860093
16065.065222125531
16883.4362149025
17732.708985397065
18613.604135014222
19526.851066849933
20472.736189939827
21453.927201421586
22469.512023127045
23520.508602722388
24607.99943038266
25733.822980429537
1057.9867475816352
1167.8077449876014
1285.9716153426464
1412.9086997444651
1548.9694445648631
1694.6595558507963
1850.422062954141
2016.68865367837
2193.8131036614395
2382.4569586468233
2582.999067691185
2795.842545322674
3021.7086294365504
3260.8649688496853
3513.999959016486
3781.6219928755913
4064.2673126493382
4362.4602408631
4676.745173389891
5007.696231175317
5355.886376713919
5721.972155435071
6106.3657333359
6510.079900939461
6933.260348176656
7376.610101143875
7841.2298659957605
8327.726705631905
8836.149535623392
9367.504194478699
9922.46396090481
10501.730446121086
11105.993610582691
11736.016342027993
12392.42044739935
13075.929981350071
13787.649673499738
14527.541623368234
15297.016438670116
16096.766977088922
16927.426523675516
17789.893864815313
18684.743224757494
19612.75567406242
20575.0946027884
21572.39584141792
22605.61979486744
23675.485885316775
24783.035380155656
25929.257985375232
27115.12590156123
1114.0217214210647
1229.664931146638
1354.0802498438434
1487.7673758086148
1631.017467298269
1784.4229972451408
1948.4396169309596
2123.452477621317
2310.031801483855
2508.6622186981126
2719.737312650975
2943.936738808536
3181.653970038248
3433.5883533376527
3700.1213610559635
3981.94963867294
4279.539144499913
4593.537050825201
4924.305773768383
5272.886683883773
5639.560915106739
6025.028404697472
6429.941460557682
6854.89982172202
7300.625684938932
7767.357283362706
8256.530423692237
8768.793075637095
9304.194162816892
9863.673633168934
10448.028874826354
11057.977989582523
11694.29345261397
12357.660826392908
13048.818819846549
13768.539438458194
14517.709970082346
15297.016438670138
16107.458899367863
16949.43934151062
17824.14566641729
18732.0525111152
19674.30502322267
20651.677486808378
21665.13492789961
22714.653624312577
23802.751091240167
24929.617840804163
26095.29726180418
27302.5393784347
28551.205592667626
1172.2688159001484
1293.9578984114087
1424.8602346432724
1565.5144466219808
1716.3023369522857
1877.7258663348166
2050.323359899487
2234.4769734080023
2430.825423416813
2639.8088218130933
2861.9670530515154
3097.8327215844793
3348.172421983974
3613.08973631781
3893.542526046001
4190.081666762785
4503.232585444497
4833.618804722144
5181.681591312545
5548.564148573995
5934.471936857075
6340.007067306382
6766.058834000191
7213.2565013555795
7682.30616181656
8173.446918585038
8688.160977100117
9227.055947458839
9790.590597151626
10379.327294141003
10994.296107134907
11636.115305594034
12305.662049249078
13003.67253662086
13730.942887957215
14488.625422753326
15276.739338600926
16096.766977088913
16949.439341510602
17835.494045003037
18756.08873502289
19711.492775239265
20702.993613073904
21731.271968390523
22797.268952064584
23902.094117296674
25047.05562153443
26232.78339842746
27459.82915586009
28730.639823233494
30043.837943257717
1232.7531647936282
1360.711551303869
1498.394777814391
1646.2862654275389
1804.8578356795306
1974.6424942287185
2156.1091377569455
2349.7852939359773
2556.2099005706573
2776.0261963227563
3009.6359258889383
3257.6893138905093
3520.795877151492
3799.5263496328575
4094.4544991254925
4406.267133685081
4735.621970174029
5083.053512889608
5449.187991562004
5835.006937549256
6240.6296800642
6667.176478167633
7115.225907887972
7585.516821583096
8078.775904670528
8595.292686668387
9136.540040001464
9702.976439854521
10295.842646212383
10915.05126832114
11561.6737740024
12236.639274599424
12940.694477977955
13674.667538091264
14439.632171784862
15236.326917953276
16065.065222125497
16927.426523675545
17824.145666417284
18756.088735022826
19724.19279518642
20728.692089998498
21771.043038133128
22852.35544626074
23973.750335072786
25135.482409147982
26339.70955407398
27586.469911324737
28877.249603146854
30213.216797575245
31594.27852449584
1295.5506601305465
1430.0338064566808
1574.7453564655543
1730.1688226679262
1896.8361345807539
2075.2407477194615
2265.927093931042
2469.4691985747986
2686.426717764659
2917.4127967498252
3162.932999296434
3423.5929603461686
3700.089039968
3993.010175554079
4303.0419039660055
4630.740297274391
4976.885107930981
5342.009837016747
5726.773858590897
6132.213379203984
6558.621707060371
7006.872357750372
7477.754022137092
7972.029594858711
8490.374950461633
9033.37498660467
9602.238821904137
10197.322216065571
10820.387372245994
11471.038125848918
12150.59536747823
12860.035568270476
13599.976213969634
14371.40705446744
15175.40934169116
16012.218429010121
16883.436214902507
17789.89386481532
18732.052511115184
19711.49277523929
20728.692089998545
21784.368487915246
22880.023129874604
24016.405201370744
25194.768583184134
26415.882464715974
27681.541172179706
28991.786488996397
30349.035874250727
31752.542898945947
33203.49544564877
1360.7344117232979
1501.9710363857773
1653.9793623818932
1817.2163821359854
1992.2489402975166
2179.633584944117
2379.89087916206
2593.672884154002
2821.539955310547
3064.1390382599247
3322.0152590482635
3595.7855044967396
3886.2163249867403
4194.008182340595
4519.499348932998
4863.712825393028
5227.236566085333
5610.746456747162
6014.847904594723
6440.657835826345
6888.521728939357
7359.326611028218
7853.869832130377
8372.989063552153
8917.186498170895
9487.995321968872
10086.027840898569
10710.304012400173
11364.375442805149
12048.098125643479
12761.970344336261
13507.015110371427
14284.192872080395
15094.404844732157
15938.768521474585
16817.66362912885
17732.70898539703
18684.743224757618
19674.305023222678
20702.993613073857
21771.043038133143
22880.023129874604
24030.920824273122
25224.359057622216
26461.70192584641
27744.37166374553
29073.324088099744
30449.847393480264
31875.238325540766
33349.426452092775
34871.898293815866
1428.327382025039
1576.5817940909099
1736.1628791825617
1907.4963029463715
2091.2550760069867
2287.976352565087
2498.0755411385226
2722.519775631988
2961.658219807688
3216.3271337477104
3486.966076532803
3774.422890013576
4079.296243431349
4402.390466921386
4744.0400153596465
5105.339328193153
5486.927328865562
5889.478980486349
6313.883485622469
6760.683281720108
7230.740365850956
7724.929175064222
8244.069419256743
8788.98804316228
9360.241865115291
9959.358947126784
10586.34600384786
11242.694484083275
11928.933098269723
12646.720304730039
13395.973591210233
14177.963353151434
14993.750171125603
15844.249386399422
16730.686101277563
17653.11359124037
18613.60413501423
19612.755674062417
20651.67748680833
21731.2719683906
22852.355446260717
24016.405201370715
25224.359057622223
26477.442383460053
27776.30099395177
29122.75151725182
30517.96810787195
31963.95570539709
33458.800007066246
35006.46469899426
36604.02590324304
1498.413173965697
1653.9536978748215
1821.3480763772675
2001.078433624273
2193.839235226705
2400.247380891867
2620.7551095076697
2856.1206114119045
3107.0146316950154
3374.145062771399
3658.104812375077
3959.644201007504
4279.482394141949
4618.446675862489
4976.83564914731
5355.887724684752
5756.165544155072
6178.500114457535
6623.636011112998
7092.443145872915
7585.5690699728875
8104.756049191943
8648.684014182274
9220.7120143431
9819.792066171245
10448.037408111859
11105.967449482872
11794.51931142387
12514.253316678001
13266.921913847504
14053.340871038748
14873.638344193732
15729.435358643452
16621.91724275246
17551.24736301933
18519.200287265714
19526.85106684987
20575.094602788355
21665.13492789957
22797.268952064587
23973.750335072837
25194.768583184057
26461.701925846362
27776.30099395185
29138.864347732342
30551.809497659204
32015.517743437496
33532.359576669485
35101.16918269314
36723.85281987286
38400.74521471673
1571.0605051949901
1734.1499173086013
1909.6276405672024
2097.9957939740043
2300.1734375197257
2516.53005599305
2747.7689965719046
2994.576639004247
3257.630291069024
3537.7064511469403
3835.446489986069
4151.6001501882665
4486.947715643935
4842.239780221795
5218.226147801982
5615.573390292188
6035.216732040526
6478.003560664447
6944.720632549788
7436.905753985144
7953.307077055743
8496.948848185462
9067.922871243245
9667.05099314145
10295.834806919676
10954.673737730162
11644.327966705929
12366.214504599153
13120.90125089876
13910.064712945115
14734.48738201624
15594.643400972414
16491.71323801458
17427.415824624863
18401.808251162714
19416.800251792647
20472.736189939817
21572.395841417816
22714.65362431265
23902.094117296674
25135.48240914798
26415.88246471605
27744.371663745536
29122.751517251756
30551.809497659233
32033.41881536492
33567.86569967187
35158.01806811965
36802.90185872226
38504.17310874365
40263.9680588333
1646.3105090326142
1817.1751398917077
2001.065216244356
2198.5656670517374
2410.393369023459
2637.0276282531954
2879.3477043453436
3137.9801844569547
3413.6651309908034
3707.1459999674457
4019.1402862357304
4350.432957285001
4701.947941357394
5074.123229314904
5468.17099306966
5884.581449436276
6324.351073807233
6788.3252361106
7277.361756900487
7792.355962895138
8334.292414802696
8903.836644696104
9502.235726001003
10129.998130555734
10789.026263606085
11479.443642909266
12202.06130013814
12958.376269512937
13749.562884260762
14576.1756747762
15439.60172648757
16341.27475183299
17281.702991486192
18261.76838141559
19283.17032137573
20346.67488584426
21453.927201421557
22605.619794867478
23802.751091240152
25047.05562153447
26339.709554073866
27681.54117217973
29073.324088099864
30517.96810787199
32015.5177434374
33567.86569967184
35176.72679232875
36843.86385202433
38567.74550269722
40348.64388803344
42193.19580913181
1724.2342784747925
1903.2009710908844
2095.789431712042
2302.6140851467308
2524.405738864736
2761.8198767319795
3015.780199851525
3286.5383197605993
3575.253797627385
3882.459463309287
4209.392215251495
4556.360993276948
4924.395474154369
5314.42630290197
5726.926815067141
6163.025046218049
6623.666848143077
7109.630272863001
7621.84151788664
8161.215034853635
8728.72639872251
9325.34035757836
9952.163999977523
10609.844320729719
11299.694125948241
12022.664377867886
12779.79821425385
13572.04522735165
14400.541886270388
15266.42645429282
16170.832716175242
17114.77188285929
18099.778935593822
19126.059560794674
20195.731275399357
21309.90656654192
22469.512023127038
23675.485885316808
24929.617840804243
26232.783398427466
27586.469911324697
28991.78648899635
30449.84739348023
31963.955705397093
33532.35957666927
35158.01806811969
36843.86385202427
38587.58509756925
40392.65850227024
42259.58632217174
44190.72836942479
1804.8777630582354
1992.2622819333642
2193.820775416414
2410.3379823031396
2642.468622590137
2891.0030080882957
3156.6405439460887
3440.293502008009
3742.503895665389
4064.205384380992
4406.248989117475
4769.49195887331
5154.754680957724
5562.868405458068
5995.029536962018
6451.31306908893
6933.525519774196
7442.167337514625
7978.44751735905
8542.966400574009
9137.033832361578
9761.536598375042
10417.663376574266
11106.21190829648
11828.198211765084
12585.049753591442
13377.508035569195
14206.762534697067
15074.099257918642
15980.465104507572
16927.201893297944
17915.39577452826
18945.682775923127
20020.68985890065
21140.7506899287
22306.99228086972
23520.50860272247
24783.035380155736
26095.297261804248
27459.82915586011
28877.24960314677
30349.03587425084
31875.23832554075
33458.80000706622
35101.16918269336
36802.90185872236
38567.7455026973
40392.65850227021
42280.967187499984
44233.42047975656
46255.116734156334
1888.2458626349537
2084.387395968893
2295.2115644436903
2521.675015979522
2764.6295514583458
3024.701762497767
3302.618995433343
3599.295710070051
3915.530724113774
4252.123186861979
4610.021104284351
4990.058255040576
5393.0654600944135
5820.079612259706
6272.068981946416
6749.69227731313
7254.079124224657
7786.2105926178365
8347.291413555904
8937.990129380361
9559.59580412038
10213.007558068852
10899.056864351118
11619.68018093059
12375.160478922922
13166.786764810291
13995.94385350284
14863.543743968012
15770.817579559513
16719.16329151449
17709.72792896138
18743.969928686452
19822.330851005143
20946.7956899814
22118.13912798164
23338.216420436627
24607.99943038273
25929.25798537526
27302.539378434834
28730.639823233476
30213.21679757531
31752.54289894596
33349.426452092746
35006.46469899426
36723.85281987302
38504.1731087438
40348.643888033475
42259.58632217168
44233.42047975646
46278.55373663473
48393.59782901799
1974.5543665492282
2179.638850607677
2400.147698294104
2636.915262108441
2890.913056789428
3162.7849930504626
3453.4802755340897
3763.8878000433738
4094.5050430850533
4446.617138083326
4820.792638600348
5218.134712034265
5639.584459588337
6086.105077881419
6558.721880560123
7058.087094777127
7585.843063115718
8142.115980049377
8728.710750235701
9346.594208041151
9996.529988599466
10679.776986999983
11397.339942623783
12150.630655157112
12940.563936031307
13770.3216664238
14635.408453113552
15542.7375506928
16491.66040993096
17483.523297154086
18519.200194136658
19600.165733775728
20728.39505748769
21904.068376164356
23129.194434925244
24405.214594060602
25733.82298042952
27115.125901561267
28551.205592667524
30043.837943257648
31594.278524495865
33203.495445648834
34871.898293815735
36604.025903243164
38400.74521471667
40263.96805883332
42193.1958091319
44190.72836942484
46255.11673415634
48393.597829018065
50605.4100770538