4.815567041469566
5.867218902869349
7.114649694981182
8.588302306860887
10.322731387531748
12.35540348513421
14.730380171798531
17.495686023034807
20.705036372921466
24.418200167167136
28.701635046668486
33.628507961102784
39.28019266068072
45.74630315142555
53.125100590371154
61.52430173529113
71.06465022663679
81.87580538477017
94.10694751597227
107.8880525346906
123.41438764326632
140.8626777171504
160.42957277724398
182.3395435225971
206.82211201805276
234.1273796423746
264.5426043404819
298.36179213415465
335.9034817025159
377.5174351749706
423.57363794330047
474.4706815545245
530.6537125071104
592.5583609389271
660.6966446461743
735.6410742616288
817.8234852616374
908.3529203729483
1006.7055958234722
1114.7147143132026
1232.7368019470105
1361.5478862567072
1501.9356444440878
1654.9010492757734
1821.2398011682542
2002.1085078086467
2198.535422504401
2411.5836178644367
2642.47002563563
2892.7794653776473
3162.954575474868