0.942250621422483
1.0932138974793193
1.2630208541500854
1.453346155097843
1.6659652657006576
1.902778696399407
2.165656027126568
2.4566224222326225
2.7781091981262933
3.1321545089891543
3.5212541700172135
3.9476752663782766
4.414128854098612
4.9231710700136615
5.47752759004261
6.080512004895631
6.734361701737417
7.442701903639088
8.208648445000119
9.034505552686646
9.926147951371032
10.885005089836136
11.9146187313314
13.019902286049842
14.203838078880645
15.470494567336015
16.823666106714697
18.268322765811867
19.80899559243739
21.4481971836548
23.192101710906293
25.045160463051353
27.011643765542832
29.096470509248977
31.305077498242987
33.64192846818489
36.112509038511924
38.72088483855606
41.475809869017354
44.37971660034387
47.43935314876162
50.660235956190974
54.048251202704655
57.61000128424702
61.35064957422777
65.27685502137355
69.39468496523095
73.71301061177695
78.23283392960388
82.96585033972255
87.91438990914808
0.9888347717643379
1.1480383956761118
1.3272442044767563
1.5282398438384202
1.7529113745854226
2.003313995188683
2.2814767319985254
2.589624330790523
2.9301189764920106
3.3053617827752846
3.71805390919589
4.170554288799576
4.665828359999894
5.206598057546827
5.795753358975076
6.4369771440366605
7.132600819262195
7.8866363092014256
8.702334732189545
9.582897970024446
10.532332635193532
11.554469525040744
12.65343239267963
13.832775978174366
15.096681286141166
16.44913116431463
17.898262024285433
19.44012961840344
21.087080587536427
22.840194431775817
24.706568966867497
26.690047914770517
28.795666540913015
31.029264820407732
33.39549313876587
35.90019354105034
38.54900454354916
41.34677042295592
44.3025720144957
47.41865465705559
50.70297610485707
54.161420439999425
57.8009459671948
61.62744046228815
65.64466505028446
69.86765069412772
74.297016359902
78.938093031193
83.80216566923906
88.8949575819265
94.22392811142126
1.0358057585365559
1.2033637246743587
1.3921245300441873
1.6039761780414168
1.8409204311668583
2.105177941519405
2.3989178970233693
2.7244993876874757
3.0844304813293038
3.4814697894213995
3.918165468696715
4.39739189383248
4.9221049886881785
5.495353564960064
6.120230164737133
6.800485927060972
7.539168072521294
8.339996203437865
9.206725792821187
10.142719074033447
11.152833250072328
12.240466233596784
13.40996511920164
14.665827596790441
16.011801289545076
17.45357819701151
18.996075188126795
20.64319453809152
22.399608338954113
24.271440046852902
26.264481838391614
28.382439888566037
30.632071641102222
33.01282996891735
35.54891282988353
38.2277310139286
41.060952329471654
44.05547083321288
47.21883956509418
50.55550819367094
54.073486582762634
57.77873795286916
61.678694962377186
65.78094828435849
70.09075820274357
74.62565969800423
79.36729801438723
84.34933008147748
89.56943282470755
95.03724507534997
100.75931819815231
1.0831266823857733
1.2591749543789401
1.4576288211304793
1.6804720113985934
1.9298928108748354
2.2082443813447683
2.5178414108315703
2.8612123187689424
3.2410465343039725
3.660173759098578
4.121462531458696
4.627917135707025
5.182730106844494
5.789197165727497
6.450904700106224
7.17101843002614
7.953703275153931
8.80249580489582
9.721485985195413
10.714986398388687
11.786383854041093
12.941566619831079
14.183823761238868
15.51836241012731
16.949473725874807
18.482925329153122
20.123885612821518
21.876248457911633
23.746777129877163
25.740377954033946
27.86334219550165
30.12065862331718
32.519652138787926
35.06537892043685
37.76420375754428
40.622574329735485
43.64842804738846
46.845491769411694
50.22402129508451
53.78932862195632
57.548946800537955
61.509927825837714
65.68053726283175
70.0685391150879
74.67929178879055
79.52311321206984
84.60825194531627
89.9404332746633
95.53281488358985
101.39018154849413
107.52245621563195
1.1307694170963114
1.3154089827916815
1.523677614423551
1.7576633532506394
2.0197610519887745
2.3124355807488617
2.638184784510564
2.999500663296365
3.3996150172097033
3.8413118790269296
4.327636080458908
4.861959540709352
5.446894001608234
6.087906721036379
6.786974887223375
7.548129501170605
8.375786469929448
9.273708634293671
10.246499568098564
11.298031985232267
12.43361850374138
13.657476851238263
14.974339828681423
16.389576403723623
17.908328249964377
19.536458542485722
21.277898628529105
23.139938488345216
25.127035625880758
27.245987397727035
29.503697766138465
31.90496770322593
34.45564843398712
37.16649829825056
40.03990622467241
43.084381152813506
46.307384345689556
49.7146534763998
53.31664384138598
57.11792899791818
61.1274119479041
65.35334624310757
69.80463032857884
74.48655447355813
79.41039098254721
84.58314405535982
90.01662533736132
95.71522351600393
101.69101961938296
107.95175808584808
114.51076802327587
1.178693396527722
1.3720107717472445
1.5902039163580683
1.8355176850838388
2.1104814629552857
2.417653328056191
2.7597037127826276
3.139485630027158
3.560019059889022
4.024710558902428
4.536557557401265
5.099090511795352
5.716086223373987
6.3910780215910705
7.1283486876021245
7.931438746694804
8.804978659444593
9.753139262136225
10.780919189704417
11.892345525736843
13.09300316007356
14.387599383747473
15.781132882526745
17.279190753188413
18.888191888170883
20.616387982618562
22.45781614318468
24.43150938905138
26.539542986277993
28.78787007305168
31.18344135535264
33.73326638298534
36.44328397098574
39.321585151624994
42.37487323096533
45.61180168529351
49.0379975810632
52.661934470778235
56.4939236748511
60.539043986746854
64.80753217282786
69.31420669703358
74.04691401181228
79.03642156163083
84.28189803357253
89.79810946310813
95.5888857580613
101.66653857496405
108.04199048544847
114.72285885648077
121.7204094825598
1.2268718900173947
1.4289398608371344
1.6571693165854935
1.9139461507593123
2.201916962865566
2.5237881169975127
2.8820947018306655
3.2808130154256894
3.722288336117685
4.210222296364432
4.748062458125704
5.3393564858012565
5.9882268319244485
6.698615874656887
7.474642918816037
8.320603542901178
9.240993092394355
10.241260431542708
11.324361845679531
12.497399095302516
13.764554846126323
15.13130668866376
16.603032823563048
18.18646747226324
19.88712035205299
21.709987134923967
23.662918950821854
25.751953063513557
27.983255349882903
30.363039805272212
32.90178477084678
35.60224739001554
38.47678820934752
41.52856876734016
44.76841696268204
48.20140624731673
51.83809303724812
55.685438863874815
59.75464837763704
64.05209023441967
68.58700695392756
73.3703383135311
78.40813770229497
83.71309901653146
89.29398697372989
95.16080071424612
101.32417447010208
107.79476526769551
114.58116798748874
121.6961659113437
129.14996996285956
1.2752168176594367
1.4861429987137995
1.7245207487959804
1.9928829916908848
2.2939977454080043
2.6308319659952204
3.0059048324240116
3.423470925074494
3.8861623585017204
4.397709422554039
4.961349374138811
5.582533499490185
6.263933391549046
7.010211736077736
7.825912942133911
8.715386627442566
9.683577263433737
10.735635353753631
11.876624912438729
13.112171513386961
14.447419901596106
15.888322191426907
17.44029019819948
19.111119984299407
20.90512294646287
22.829820602127413
24.89223145276646
27.09940937117532
29.457062509702915
31.974507104319756
34.65887490905528
37.516267563046476
40.556491554576226
43.78709305508718
47.2170327720102
50.8538820506779
54.70631768881807
58.78367165793462
63.09740910264609
67.65513602997
72.46583583512415
77.537817811376
82.88549517665719
88.51585169744352
94.44156868320081
100.67262077171523
107.22014825501188
114.09519300708646
121.30855639733042
128.87134982986933
136.79687224435847
1.3236706562068161
1.5435931338694386
1.7922045222165799
2.072256253570332
2.3866688761572417
2.738428577720203
3.130831435380097
3.5673242477286053
4.051414444815966
4.587024350466604
5.17796346512066
5.828415150985907
6.542800003976955
7.325735788003682
8.181580453898754
9.115312698574954
10.132555970973685
11.237777556788346
12.4374414929398
13.736496671690007
15.14122143912705
16.65731900882502
18.291812771057252
20.051436877062063
21.941528002088756
23.97021829067983
26.14515907090813
28.472667099958283
30.96049472046319
33.6175227203372
36.45107899606676
39.46886665300985
42.68104918782669
46.095608656057706
49.72027472014908
53.565372294511434
57.64094723971906
61.955090164088496
66.5200900372407
71.34405024184028
76.43642342478455
81.81109631789877
87.4747032964771
93.44280795404272
99.72328170277252
106.33015115037045
113.27344849357094
120.56520265693483
128.21870078798239
136.2446054506495
144.65586542599624
1.3723107762681632
1.6012201675562678
1.8601654524143278
2.1519978508017985
2.4798524216544977
2.8467467793497523
3.2564317400409473
3.712235185824261
4.218102327049148
4.777967642396838
5.396127940353857
6.076776490385528
6.8246465617529015
7.644747850337843
8.541361028813846
9.520271528607475
10.58688752375529
11.74673244717892
13.005903489522922
14.369920341786026
15.845438364341293
17.438597201673513
19.1574169499549
21.007648938613933
22.995754699460676
25.130976654042282
27.420030108430005
29.871144952874886
32.49232900130271
35.29202955049641
38.2783993393973
41.46166389154065
44.84957246863842
48.450967666560615
52.2768363462657
56.33632766815068
60.63984289406863
65.19735234920647
70.0207191075212
75.11018238952839
80.50315906379046
86.18860595136091
92.17729594909368
98.49009229772003
105.13796170659748
112.13032937892669
119.48110704558363
127.20268924887039
135.30877922326093
143.81306593336382
152.7274388574403
1.4210627750319613
1.6590270107770233
1.928364690779392
2.2321137440133065
2.573431952079481
2.955859341819035
3.3827498630129913
3.858203472113953
4.386058089918756
4.9705634621261385
5.616186682112982
6.327503014222513
7.10924335356097
7.9669692714076765
8.905121488962331
9.930135268697574
11.046943776098308
12.262038924794773
13.58176221402003
15.012006779168065
16.55932046449787
18.23141569484248
20.03574241410743
21.97776059443355
24.066237391880648
26.310494859257965
28.717012646614112
31.294618691949374
34.05132143957031
36.99709257178968
40.14088796440493
43.49157231416297
47.05989539973259
50.85390654242336
54.8856529334538
59.16467850846905
63.7025056886685
68.5087271634874
73.59786445513457
78.97639124465253
84.65997429426072
90.65933732456776
96.98828847134087
103.65748410875847
110.68013693185395
118.07001962152877
125.84026088830232
134.00527692048811
142.57806082525846
151.57333958395552
161.00473497505456
1.4698863229911887
1.7169519918269578
1.996737937722937
2.312476506648208
2.6674406478979926
3.065282876554693
3.509826297685637
4.005042643844462
4.555132197521808
5.164579553798276
5.8379669733607
6.580260179312531
7.396615086357306
8.292357691935136
9.272696492359726
10.344072788616545
11.512198377307813
12.783788874098015
14.164767364374837
15.66236742117625
17.2830588388695
19.035780825379682
20.926367820810604
22.962192183639427
25.154565095844184
27.50886971573427
30.033758668160917
32.74078226029018
35.636946160877514
38.73188782031226
42.03577378410893
45.55906382629045
49.31045146493373
53.30231542320616
57.54549914881515
62.048594476761
66.82633366834202
71.88898976780091
77.24774358911591
82.91642235121327
88.90651743521799
95.23200277914187
101.90592693143974
108.9395775351791
116.34887416367576
124.14681815037484
132.34893407478455
140.9688587213671
150.0215573684585
159.5205032580162
169.4865049383532
1.5187184700694876
1.77496047759683
2.065287889260878
2.393082106726712
2.761767521868599
3.1752757241580216
3.637472094859643
4.1528518906358345
4.725225911395458
5.359813175158849
6.0613483221574
6.835002121663145
7.68625424889945
8.620375754824884
9.644003636360113
10.76227446257271
11.982334574236685
13.311011111468307
14.754522527826982
16.320174173131626
18.01594415420357
19.849790504722474
21.827747297296536
23.961771246533846
26.25654378709317
28.724776190021124
31.37217339879002
34.20957761625873
37.24749448292729
40.495310980033956
43.963557025393705
47.661897985710695
51.60294206089128
55.795197618247364
60.25261699976315
64.98620344213555
70.01077648343563
75.33342876010182
80.97180770941107
86.93574678171233
93.24068953528548
99.90000447411627
106.92726804367163
114.33539356776654
122.14112910236257
130.35927566045893
139.0032879577516
148.08998884137517
157.63552956363645
167.6563373292755
178.16679785670974
1.5675653476697757
1.8330004710775885
2.133910718866992
2.4737743354144377
2.856349125966227
3.2855926235004738
3.765690777313626
4.301022844389512
4.896237575397225
5.556281711895592
6.286243731472239
7.0915995683903486
7.978276125518434
8.951430886239422
10.0183011030801
11.184580858661636
12.457103451063226
13.843618186041635
15.350237457321004
16.98555856462324
18.75778700786828
20.67327803444865
22.742522655070097
24.973564749838776
27.375524735855738
29.96058439647891
32.72908638758413
35.70029382710214
38.883119505007116
42.285743123514386
45.92024969237341
49.798310578098125
53.93109243611189
58.33015342258452
63.00806555987511
67.97803088997453
73.25212025886212
78.84207515970704
84.7650170170337
91.03259189657376
97.65899545278793
104.6599977282873
112.04866615442556
119.84190126429421
128.05487829790692
136.70183451220402
145.7986934082804
155.36619130135898
165.41866093550493
175.97327177513677
187.04441915255325
1.616394148658576
1.8910654969132386
2.2025927656397286
2.5546672537823287
2.951202826563127
3.396278379072196
3.894367334242164
4.449964702322384
5.06805670061808
5.753716712973332
6.512407557756566
7.34990838392232
8.272058562506064
9.284869890932558
10.395391055130935
11.610306798587484
12.936473926255607
14.381381065060902
15.952127712038026
17.657822873607984
19.506664367373514
21.50675967987068
23.667488392976537
25.998171356029985
28.50749053341016
31.20613070467621
34.103716391382356
37.212118910560726
40.541669355307675
44.103408468844485
47.90838100935352
51.968682775967096
56.29730976227216
60.90676251574703
65.80949294162109
71.01861122976335
76.54845461937339
82.41304342762022
88.62749724200432
95.20474561776321
102.16140912614527
109.49957333594233
117.27083934749766
125.45684419912253
134.08525001521255
143.17211142708302
152.73689668455648
162.79214119075544
173.36642918979052
184.46728694793316
196.11719640135388
1.665182679850344
1.9491091033939267
2.2713235781454775
2.6356214531693354
3.0462033525271104
3.507235755122892
4.023384882211883
4.5994446743052615
5.240560256321227
5.952113177466493
6.7397494092709485
7.609667916936172
8.567777538765425
9.62085844433573
10.775394409484248
12.039303427993877
13.418859325851363
14.923235118953192
16.559708151068183
18.336438374757737
20.26420785187308
22.34899049050228
24.60296558758805
27.034212237812117
29.65318419736327
32.4701646615906
35.49710425670024
38.744189367858354
42.22287506827352
45.94511263745354
49.923658828205774
54.170624525065094
58.69929041287169
63.522791354696565
68.65495726593903
74.10987027053083
79.90179483224907
86.04444325311954
92.55639649782911
99.4524420617662
106.74286015717938
114.44873977572684
122.58966511710857
131.17567837507082
140.23070520045366
149.76935540590182
159.8105568098564
170.37358793322662
181.4756953858222
193.13802725965292
205.3813086713558
1.7139033420438086
2.0071092730373343
2.340041006701015
2.7166775445968074
3.141328109422503
3.6183932218960404
4.15271927391861
4.749355875866711
5.4136528940475594
6.151301042412028
6.968188841563189
7.870717235208576
8.865217397074362
9.958661807644965
11.1579415717421
12.471404133053165
13.90577063290163
15.470163719383208
17.172548146348657
19.022685054906727
21.028687550188817
23.19962270635145
25.547768469248062
28.081549701382013
30.811742864295148
33.7492131953157
36.90663167884513
40.29516256459503
43.925670137015636
47.812310661101485
51.966876254262395
56.40362437800407
61.13595514942758
66.17844013973978
71.52322786951092
77.24882302191762
83.30662448094316
89.7346130259481
96.54984133808424
103.76687656210281
111.40275033968076
119.47530382408686
128.00007318824194
137.00049042529085
146.4898837369852
156.48926599063444
167.021288438996
178.0971744579496
189.7442903063706
201.97836705009294
214.83061296013642
1.7625346764167091
2.065053889812659
2.4087306997318616
2.7977188345500386
3.236474991855069
3.729676303066009
4.282302615215187
4.899646522882433
5.587305445384985
6.3512135507851
7.197642377124684
8.132840171049262
9.164137226156896
10.29819760578732
11.542825065136606
12.906208403076626
14.395961226752004
16.021012782470518
17.79027987519251
19.713722505644558
21.79929007616637
24.058723392842914
26.501581103159243
29.13934165833897
31.982104133383856
35.04271556018761
38.33258867639587
41.86401572612554
45.64931861673278
49.70244394074349
54.035333961969634
58.66632479996393
63.6052436985667
68.86972453458026
74.47009334753713
80.43218412714802
86.76345197808644
93.48113574390749
100.60621831088412
108.15233977177854
116.13860719906782
124.5836239284094
133.5056418540441
142.92467668020691
152.86018650683678
163.3301872605775
174.3579104126671
185.9630736793081
198.166385082317
210.98849358074906
224.45763470292047
1.8110499981263108
2.12290684424821
2.477323255113549
2.8787483101446085
3.331745382061779
3.841048628292844
4.41205974497942
5.0502276999341795
5.7613708001539266
6.551805857703687
7.427797093176236
8.396214552540693
9.464653124987208
10.639585252751429
11.929680001913313
13.343601992111942
14.887090888138133
16.57543860896705
18.41255186377444
20.410127000168334
22.57705822634211
24.924651186974245
27.464311699064634
30.211434484303094
33.16484103485951
36.34915076550016
39.773260371953384
43.44995512916798
47.39232815524295
51.61444302237736
56.13217013893585
60.95701700617409
66.1074245415305
71.59486214595829
77.44438750705663
83.66111426086022
90.26890911061544
97.28231143726889
104.7229460945395
112.60466931091992
120.94810025169427
129.77348175809996
139.09974462826088
148.9467601337438
159.3353460363182
170.283664253095
181.82438850011016
193.96744021403086
206.7406005883185
220.1617788401773
234.26552476088912
1.8594429776308552
2.1806056400727707
2.545936431516613
2.9596918319375694
3.426927800949793
3.952453453055017
4.541928471410896
5.2010050549466005
5.935815679200867
6.752727088117214
7.6585862324938665
8.660456360844837
9.766150987619817
10.982566326938276
12.31885660052346
13.783551660527896
15.385129859644294
17.13408752535532
19.0396558313855
21.111573814635953
23.360376590607647
25.79783750698777
28.435962652120633
31.288996103027266
34.36282465024446
37.66883301820859
41.229084165924306
45.053002737850264
49.15533125387925
53.5480439094155
58.25104578669529
63.2759106811144
68.63771242720449
74.36007019287203
80.45161811784486
86.93326683332084
93.82265722975532
101.13372579832004
108.89850586310351
117.12172297858226
125.82998507630528
135.04286118195012
144.78031788720514
155.049487742039
165.9161804299461
177.35913356781603
189.41469811934374
202.10657156362555
215.4593989123483
229.49591562368326
244.24610468025267
1.9076903147439017
2.2382029609146983
2.614309437772248
3.040545510572846
3.521964912186694
4.063847264674179
4.67184639104401
5.351948433754952
6.110494057238999
6.954235797951835
7.889950649065872
8.925597334479546
10.068468596942553
11.326915687287075
12.709721561129264
14.225679197635419
15.884354182350723
17.69559726384686
19.670165846517516
21.817965028648494
24.14938461725707
26.677688861866034
29.4140191614696
32.371214893239085
35.5620528514083
39.0000447589271
42.69858326470773
46.67163877254624
50.935731497250025
55.50272157968346
60.39284310491822
65.62052008697971
71.20282371279377
77.15538848313115
83.49694693956685
90.24627410870646
97.42192030306867
105.04275421385302
113.12944863341764
121.70172553598465
130.7806629190528
140.38807883020075
150.54490553942583
161.27411424046355
172.59360386122782
184.540234002858
197.1260515032081
210.378383924613
224.32451299984496
238.98845274608502
254.3967332816109
1.955780792027558
2.2956303808860814
2.6825635726966444
3.1212700759831287
3.6170002745798353
4.1752013010201425
4.8013203760982535
5.502984172922565
6.2854282626199
7.1559558294596295
8.121860598164211
9.191544784903892
10.371858410018913
11.672373025699924
13.101985308042881
14.669553832412277
16.385775096631644
18.260194194389292
20.304565672751202
22.527864805427722
24.943835223735853
27.563700008777435
30.399924270024574
33.4663654336847
36.77597112253909
40.3428351883015
44.18074097713443
48.30506706200851
52.73230960134114
57.47723393613669
62.55884799774737
67.99178937840011
73.79301098301322
79.98278420490787
86.57452355111965
93.59950382612523
101.06670316428635
108.99840420336265
117.41681621303132
126.34298451457789
135.79954638414995
145.80814790310274
156.3909047398659
167.5728805173159
179.37773195288696
191.83047088087716
204.9555053992535
218.77969304205848
233.32777622702955
248.6324449810145
264.71299024204234
2.0036970901294464
2.3528922010952087
2.7506532931338175
3.2017944511654908
3.7118776964382225
4.286446919506559
4.931208621422284
5.654040590872858
6.460335943090066
7.3579852401436145
8.354153815878908
9.457851944358081
10.676119375653716
12.018982243643114
13.49548022464257
15.115653840495423
16.889364179774315
18.827472448800755
20.942044430024954
23.24237538035801
25.742868036472466
28.455040147125718
31.39308100771197
34.56919377802838
37.99895143534242
41.69598345664958
45.675601943059476
49.95390983087681
54.54477181470181
59.470909079514996
64.74499604096479
70.38588460651617
76.41090521820388
82.84033316938128
89.69361125005224
96.99121107265722
104.75422014794583
113.0007509289767
121.75755010741346
131.0435088356595
140.88225343397286
151.30014642112405
162.31697172711247
173.95971418902568
186.25431502559513
199.2254777142443
212.8998786060087
227.30628650184516
242.46907111053235
258.4239952378531
275.19340628662127
2.0513999687987403
2.410025569931256
2.8185619419465424
3.2821710085155416
3.8065873210227337
4.397584095295556
5.061520799131203
5.805060861211117
6.635380417395712
7.560122146492434
8.586752120187782
9.724639597467307
10.981057136576556
12.366420194317257
13.890377041046014
15.563019205891175
17.394874913147465
19.397925947090837
21.582483235149933
23.96071650797353
26.546442081582512
29.351853568007357
32.39198499740177
35.679966564507566
39.230635172986254
43.05951991092219
47.181945720743514
51.6157886669513
56.374280070884915
61.482244711918185
66.95195231661597
72.80223044072727
79.05477809574444
85.72712697851154
92.842186945837
100.42024885904799
108.48195825463081
117.05040020527153
126.14935962714543
135.80090873288836
146.02924196770667
156.86105702342996
168.31954807780883
180.43336890284255
193.22310171471955
206.72184247218235
220.9562886641836
235.9549269111522
251.74417335963395
268.36205651665045
285.8317726042522
2.0989191865962393
2.466918116233995
2.886235043650306
3.3623470861464035
3.9011075974093936
4.508525289268201
5.191181250733626
5.955998218313271
6.81039271933142
7.762207395737258
8.81954564366086
9.990026873076438
11.286379911259308
12.714651516300302
14.285641900749834
16.011848883513117
17.902368890158176
19.970043275414934
22.225661123807114
24.68240563453325
27.354121540954853
30.2541443818628
33.396945839499566
36.79751250931047
40.470425164570486
44.43291163322626
48.70010085706781
53.28923907987813
58.220451937575945
63.50965279155148
69.17718982525402
75.24089600795953
81.72247844674288
88.64247025291104
96.02201497239405
103.88527907379421
112.2504583922484
121.14383935365875
130.5905782819776
140.61285029026425
151.23761014086406
162.4899777477068
174.39866067882227
186.98452423345395
200.28233182387532
214.31717849806574
229.1205273122134
244.72229631908615
261.1697390235359
278.4422103382239
296.620074138798
2.1461889023030776
2.523554552975165
2.9536799790835424
3.442272841481178
3.9953859061315753
4.619247176192554
5.320650500750464
6.106069462620075
6.984602837370887
7.963375997955523
9.052488307277804
10.259193886901246
11.592178290787153
13.063673962243824
14.682450314199285
16.461909198038448
18.411471987288657
20.544046889737565
22.870899393806713
25.407144640023468
28.165075221200585
31.160689691692518
34.407840430942585
37.92145709489132
41.71813507866474
45.814150487110226
50.22757649340967
54.97592150198417
60.079072514082746
65.55331801150359
71.42069253216931
77.70106249555992
84.4165241724871
91.58431221288392
99.23349688308224
107.3824752400643
116.05716627523589
125.2801338751937
135.07911575651167
145.47768272117455
156.50418809052846
168.18607830690968
180.54121343720584
193.6179769791444
207.42769736704562
222.0088763529086
237.39102816572606
253.60559751222752
270.68306974130513
288.65560085692215
307.5697205124444
2.1932583050679053
2.579888342642621
3.020856753094019
3.5219313561341465
4.089431620072419
4.729720751165827
5.449886303123788
6.257369544128476
7.160281564399403
8.166577656968993
9.285412289386954
10.526246513937188
11.898377421795812
13.41319500426476
15.079996433596682
16.912961911934232
18.92167481563193
21.119691980574157
23.518914100315648
26.13444723164972
28.979992841726805
32.071447444850556
35.42335624498714
39.05128527620723
42.972272977314674
47.20580784602396
51.766402016771075
56.67413089196833
61.950223997033476
67.61236708203023
73.68270346818312
80.18086418850837
87.13183855545485
94.55315722432003
102.49124733188596
110.91360983976001
119.90140856390283
129.45722287248046
139.61354968250095
150.393904913355
161.82748782839906
173.9411466642263
186.7642835779232
200.32539096446718
214.65899743733635
229.7946287616051
245.76533459696455
262.5897995116127
280.33399710605505
299.016306237887
318.6594515877143
2.240116978935426
2.6360259345407955
3.08777246066452
3.6013667873981148
4.18317751747787
4.839903524460389
5.578862122476006
6.4077244361559496
7.334889929210344
8.368524785555513
9.518463957586754
10.793635769829603
12.205000514612035
13.763024923382252
15.47811471303041
17.365011548308544
19.433571886410306
21.697154555833304
24.168937984155328
26.863979979930036
29.798277325165692
32.98615135561247
36.4436187789029
40.186179124846355
44.2344348048337
48.60370972011671
53.314429264929565
58.383256863102
63.83396171289484
69.68512557710139
75.96091041412956
82.68038758249625
89.86759534268191
97.54551136314497
105.7397356000216
114.47554049570236
123.77825436334683
133.67411507874658
144.19224917981379
155.35931118534853
167.206829717909
179.75875888466558
193.049522152013
207.10941544040296
221.97274595441615
237.67168665474898
254.23842991375275
271.7101147464859
290.11753108939286
309.4868846068057
329.8907559343612
2.28677561465969
2.6918816328703192
3.154396902382967
3.680458380591237
4.276601485862959
4.949772062291067
5.707524108192742
6.557845216523998
7.5092340612578665
8.570307634929488
9.75113160346906
11.061316424768535
12.511507534120122
14.11313931098407
15.877723863977044
17.81763634024992
19.94600164375441
22.27585500535253
24.82078734441964
27.596362890113337
30.61906037476028
33.90431657916819
37.46753504757267
41.32773074728877
45.50212312167872
50.00872847535147
54.869678977825
60.102613861852774
65.72950272226069
71.77322373812089
78.25508297206656
85.19614743346368
92.62391869067169
100.56034655613357
109.03322109358938
118.06745757527736
127.69020970064173
137.92850629700655
148.8132589880966
160.37372950570565
172.63544353689835
185.6342617092238
199.40067190546947
213.9677758061672
229.3684835308458
245.63538955790065
262.8105254409551
280.9169839683617
300.0063378889923
320.1070812535394
341.2603888772304
2.3330964727849244
2.747454527661541
3.22070033551799
3.7592394593436143
4.369685688180762
5.059310209501094
5.835857485656039
6.707589994642005
7.683228579942474
8.771846526064536
9.983729592958163
11.328662406268977
12.818036755332168
14.463302148118856
16.276619292254754
18.270740217836924
20.4593810864693
22.85562478146975
25.47401953883139
28.33125054307507
31.44242139503567
34.82558236931263
38.496526721540455
42.47340933411704
46.77519911304291
51.42214749075476
56.43300046480642
61.83092255218653
67.63675256801247
73.87373506112976
80.56223795004755
87.73084118483683
95.40031382441255
103.59929253320514
112.35182709740748
121.68810574282254
131.63442793532536
142.21915423378275
153.4750199424255
165.4295366553463
178.1164206579182
191.5669232021719
205.8144946816581
220.89281790600094
236.83690374121946
253.68856768085934
271.46904515121685
290.23007403877654
310.0075822148132
330.8409050499618
352.76337847539247
2.3791532115670337
2.8027013611340164
3.2867063835154178
3.8376686907759225
4.462417198851935
5.168476677757319
5.96381076196537
6.856963218739158
7.8568197735944905
8.972998991505811
10.215760948330196
11.595873235163003
13.1245314987096
14.813572715015635
16.675905768539337
18.7241768888595
20.9733572577735
23.435860486581568
26.128082494797525
29.067152230331658
32.268163233935205
35.74982746347415
39.52839481522644
43.62335964399614
48.0537598699582
52.83865413498953
58.00415517337976
63.56850244982199
69.55469876253439
75.98554286182487
82.8845228849729
90.28098224313233
98.1944632423187
106.65802404320856
115.69496069377341
125.33593802342544
135.60917295263596
146.5447066568147
158.17692405937257
170.53099786728623
183.64704446797248
197.55424592827958
212.28888069393884
227.88554842421735
244.38662254527958
261.814606507717
280.2235404498842
299.6427519565874
320.12014389421415
341.69175242173026
364.4006072356359
2.4249359707333302
2.857712097809914
3.3523712033551805
3.9157315311227188
4.554772264491073
5.277159441434776
6.091417286256465
7.005984381999638
8.030114728362431
9.173847333533548
10.447812385879724
11.862735987736556
13.430650753074913
15.163767737736622
17.07508422999446
19.17808051521108
21.487799745696137
24.01725568720505
26.783894528326417
29.804788418665797
33.096741503560224
36.67649944655042
40.56356092706204
44.77649170813156
49.33787161116541
54.26635988166787
59.58320162842686
65.3142747585092
71.48133989186206
78.10882344385155
85.2214944917228
92.84662482123997
101.00649012883656
109.73613211700241
119.06052549821753
129.00929319898466
139.61287157649178
150.90417176381106
162.91282553437821
175.6743774217795
189.22507199784383
203.59368236103003
218.82094401299878
234.95319432487273
251.99755110741526
270.02359919452283
289.0623582522998
309.170397347031
330.33696558681106
352.658914537354
376.14715216107254
2.470436075463689
2.9123831132792284
3.4177351571270993
3.993414104520289
4.646752927740402
5.38557082336146
6.218544255114781
7.1545113722503455
8.202922113475388
9.374504034026682
10.679341364069439
12.12941746937797
13.736580038853063
15.513719746609157
17.47415252779509
19.63197270392561
22.002366970283042
24.59939635754688
27.44099570573883
30.543993281794997
33.92600364900128
37.60534493687092
41.60161909255352
45.93386977338435
50.62573457838195
55.696011395136985
61.16851004175743
67.06769973101943
73.417219520077
80.24234825208462
87.56913110537106
95.42446524804589
103.83538619918116
112.83395670422247
122.44778007009975
132.70766144874986
143.64508477876842
155.29498799024307
167.6876533824848
180.85933449136053
194.84557805466747
209.6830235245888
225.4189420190085
242.06276673847364
259.6811504672915
278.30915338631996
297.9851067369986
318.7746365079288
340.65292450553056
363.7387133541243
388.04682635890066
2.5156431427405925
2.966718177401647
3.4827229418719563
4.070722364383049
4.738292545102917
5.493481823502975
6.34512090388901
7.302513072254957
8.375298175612967
9.574461244991733
10.910308563638853
12.395655632128596
14.042188665940389
15.863556056397288
17.873137898398788
20.0863480056669
22.51708305790567
25.18158054672819
28.098579914453623
31.283989219404205
34.75691842691744
38.53601489119552
42.64142247829647
47.09506426402915
51.91700595969322
57.1300740645715
62.759613167031496
68.82825967082127
75.36073103048348
82.38565634825477
89.92843239821664
98.0169777622103
106.67992540064343
115.94997308675346
125.85567204255504
136.42974378721706
147.70606294812475
159.7149842909011
172.495685440176
186.08236016868028
200.5098037051484
215.81938437928014
232.0512931140556
249.24063087930344
267.43181594655323
286.6677563397847
306.9890716630595
328.44391354055676
351.0744130427744
374.9250142135471
400.0486721107476
2.5604885627259635
3.020733694187549
3.5473619536551633
4.147624766678247
4.829417869537951
5.600995127478404
6.471315315350662
7.450056669064126
8.54713580079686
9.773900034296457
11.141049650717026
12.6613491823868
14.34737104605656
16.212886612108562
18.271943590639957
20.5401226524066
23.032007275692596
25.764426352657757
28.756593034958684
32.025163431146545
35.58917890573304
39.46862237099443
43.68417681115102
48.25849502902937
53.21197773820758
58.56995702980227
64.35569431037123
70.59495661680062
77.31359388562255
84.53866238734436
92.2987029624499
100.62280475239247
109.5394567206671
119.08249394762028
129.28311354873773
140.1731575825506
151.79160068185024
164.16383874279785
177.33612135441547
191.3345374745714
206.21623037596646
222.00506855640032
238.74505690740364
256.4775275543502
275.2471064463447
295.0980791637237
316.07195286527514
338.22115069618775
361.5853018986113
386.21810123195957
412.16898352129493
2.6052081530662194
3.0744063652484543
3.611584591356203
4.224116270123859
4.920080561592917
5.707920928441797
6.596938578122436
7.596889491282994
8.71848826627109
9.972693871307206
11.3710072560333
12.926407185481569
14.651999176218963
16.561749642480972
18.67028671166824
20.99354575854466
23.546791466479483
26.347339560894614
29.414788409042494
32.766425518837735
36.422209410285554
40.40201229135334
44.729201920730645
49.4242336241185
54.51191613054859
60.01290164125749
65.95662841917508
72.3667141655459
79.27281356022802
86.69984719080516
94.67932905556998
103.2387802207513
112.4122835963448
122.23141233398341
132.72824245192314
143.9409264065992
155.8981998774701
168.6410292406043
182.207943759534
196.6334137216902
211.95586595067937
228.2329921591922
245.48730803257976
263.7689031795027
283.0998011872313
303.5686229991732
325.19276136233344
348.0454685297963
372.1533012232305
397.61253263333725
424.40048731637927
2.64951463794745
3.127734105894545
3.675440928270931
4.300210455693036
5.010283286336239
5.814351956753516
6.722043446893809
7.743485904582347
8.889123924608116
10.17102029710925
11.600475062594871
13.190978603669024
14.956032210426029
16.910102379488826
19.06809110670594
21.44646575774985
24.06086551197639
26.93062001682311
30.073158374743873
33.508264317951244
37.256058997949616
41.336791200267854
45.77517089395034
50.59238033026546
55.8137477637442
61.45969409568326
67.56211470072918
74.14556737958777
81.23850822998732
88.86900946847949
97.06875375541995
105.86742550506935
115.29788977668356
125.39472780081744
136.19245191777944
147.72624709176262
160.02962547884437
173.1435265556135
187.09434982484342
201.96030627214057
217.74507387617976
234.50308319210998
252.27754801356906
271.11345754849447
291.0606945590553
312.15789545330244
334.46090596769295
358.0213886585403
382.8811049563382
409.1071242646031
436.7388579532149
2.6935100114306296
3.180724032098238
3.738905659080481
4.375849004891141
5.100010059227381
5.920299653819825
6.846598875856633
7.889670647342814
9.059130009062757
10.368971435012055
11.829253696575652
13.454823162604063
15.259544731056819
17.25782601347646
19.46539008882993
21.899070936653867
24.574812920824783
27.51253435232771
30.731267255705024
34.25029308340198
38.09032967168435
42.27267297759117
46.82284771477978
51.7627192447397
57.11632272912612
62.90976691363652
69.17080500186543
75.92854642148878
83.20974493260617
91.04554123577103
99.4669699051048
108.50588011732805
118.19562236572747
128.57161739902574
139.6728524321296
151.52874833750425
164.1823408246364
177.67060907413588
192.03591675798216
207.31917209231207
223.56402057659918
240.81298368662297
259.11306737900276
278.51030460439387
299.05066909375023
320.7828099765684
343.7618396324685
368.02123551629376
393.6646574498518
420.6953520490838
449.19522972822904
2.7350347819783147
3.233342799085181
3.8019737330816046
4.451048297236198
5.1891877560347535
6.025718912734887
6.970700880580724
8.034476483553375
9.228532798787626
10.565271325761177
12.057165374346598
13.717979982237559
15.56221146133269
17.60479366249802
19.861989828888845
22.351113891346476
25.087963469661
28.095331642622533
31.389731408582165
34.99233120398367
38.921605386149906
43.209780751520185
47.87104479905114
52.93406545599554
58.42239647186206
64.36232592850644
70.78445016899339
77.7157770676525
85.18700089420001
93.22921970978982
101.87308741653094
111.15368708900039
121.09768576263386
131.76388751763102
143.16612626836056
155.34940312058853
168.3544498814593
182.21985850350305
196.98328404321546
212.7070881009467
229.41694992899048
247.16224047992705
265.9915460265432
285.95214237191226
307.09577548603266
329.4726450221331
353.1298326391599
378.13180595612215
404.52751989122595
432.37435844113526
461.7275461613347
2.7805493816774223
3.2856004312862206
3.864627411513773
4.525805535319174
5.277985393995915
6.1305805249270655
7.09391923542827
8.178996946608088
9.397285797647667
10.761483794187187
12.284546701454582
13.980370502245453
15.864116364880244
17.951043863173762
20.25829189088942
22.80202694252022
25.601061842611315
28.676981503024404
32.047445481237645
35.73413580309864
39.758845703624296
44.1460565699521
48.92100574876257
54.106562800559075
59.728895888128065
65.81731570394767
72.4004708181068
79.50734435112042
87.1689260961968
95.41784799932931
104.28659513544909
113.80911269436557
124.02458582358221
134.96681200874096
146.67449973475448
159.18798235802447
172.5473550206294
186.7928666759601
201.97092138850738
218.12622673859536
235.30029862920063
253.54588429634845
272.90637249293394
293.44245558955146
315.1914809233053
338.2172012796339
362.56363502437176
388.29777067331474
415.47008121755346
444.1370815294166
474.3654737735889
2.823587405256293
3.3374937535472955
3.9268773400375503
4.600177380275753
5.366144143818482
6.2350697080342075
7.216827055056913
8.322842418839226
9.56562613035976
10.957127575148847
12.511011921382035
14.241918698703078
16.16515602604902
18.296445967421537
20.65337471766271
23.252567753161184
26.11419993934037
29.258029402324823
32.704804878243934
36.47545161660488
40.59384157306397
45.08383764837992
49.97100290237419
55.27976737006571
61.037907169179
67.27419037618112
74.01898818218002
81.30201305786426
89.1552925280244
97.61115776861412
106.70571476443214
116.47465765681473
126.95324261070304
138.18235919001611
150.19658951975126
163.04153619503302
176.75715005756473
191.3802328646007
206.97483180133042
223.5707013113181
241.21856004352085
259.96706787112913
279.8700943611199
300.974589285841
323.33954219291525
347.0156736644601
372.05989746758445
398.529276886681
426.49009817595714
455.9953755837824
487.10794774810216
2.8663099014378095
3.389026343975725
3.988708588645782
4.673959981839634
5.45385135296882
6.338619395939705
7.33895725044413
8.466054807567204
9.732916216560362
11.151813401135989
12.736706107985052
14.502756168496024
16.465269861959907
18.640953541856433
21.047124864977604
23.70113110690289
26.62587588031767
29.838194719796274
33.36137447991613
37.21645591687616
41.428562358559994
46.02108231458079
51.02111321345055
56.45365834000968
62.347411288266926
68.7329479372037
75.63982983947854
83.0996957611828
91.14888424181494
99.810320544239
109.13177213202869
119.1461426345931
129.89079442115136
141.4072150013371
153.73094808927019
166.90999749679972
180.9837412976715
195.99776854313453
212.0018213965079
229.04077726486
247.1478387706575
266.421073558821
286.8673233166673
308.5514696652562
331.5372347377256
355.86966578158405
381.6293581093847
408.83487631235084
437.5849074094521
467.9292843403592
499.9343481659859
2.908732271836653
3.4401821193652995
4.0501209998530125
4.74730632194767
5.541028790966645
6.441760442434216
7.460457608012808
8.60857970065273
9.899444439723151
11.345552943109713
12.961484646228607
14.76254207387973
16.76450798342836
18.983900765030324
21.440812348188004
24.149605937666596
27.136489621966614
30.41809653181058
34.01698132064594
37.95673403177079
42.26210102758139
46.957774933907366
52.070903939436235
57.62871291407633
63.65731231805465
70.19271725089907
77.25905959150455
84.89966840329441
93.1387794383195
102.01308018685019
111.56420619934484
121.82435678176248
132.83770865040552
144.64006479029888
157.27670124354114
170.79793770773142
185.22601454999852
200.62185388776928
217.04798764165184
234.5334626015358
253.13518430790026
272.9062911408018
293.90000454811445
316.17017302444583
339.77815930320367
364.7749254638777
391.25011568057204
419.20075268809524
448.74860947919177
479.9417843797313
512.8478518848159
2.9508023741496743
3.490968210952417
4.111101429958381
4.820166249113138
5.627662005748864
6.544278284780952
7.581297306496741
8.750433018902772
10.065208229826496
11.538546333784998
13.185410246972026
15.021361646040338
17.06233605209798
19.326882301226
21.832839496387418
24.597407371544346
27.646072300462674
30.996452390163782
34.67169307481692
38.69645234009316
43.09539501971305
47.89397074178631
53.12044108206041
58.80317659369576
64.96923378127445
71.6505412281332
78.88670010258603
86.70248635830777
95.13528243391697
104.22103436916174
113.99989601985439
124.5088617955652
135.79082104081075
147.88282411426204
160.8328172938488
174.68447729596835
189.48304372851314
205.27552115940844
222.1136449927488
240.0511201610105
259.13485081898614
279.422835423102
300.96432225820416
323.82554669592395
348.0626259488209
373.72758725241647
400.9183835661436
429.6415181023012
459.9815930334889
492.03288479642777
525.8467561299578
2.992514733395455
3.541396433206086
4.1716709668219645
4.8925462903789665
5.71380275124125
6.646212154135381
7.701384883655291
8.891520106725492
10.230164732808625
11.730567347883047
13.40837174409237
15.278828551700117
17.359948465190005
19.668362149715403
22.223698992096914
25.045438511839418
28.154406019115516
31.57359142644287
35.32563770645853
39.43497817341144
43.927597630549826
48.8297185454934
54.169827613887364
59.97760442424286
66.27801973503928
73.1148456110525
80.51193357850745
88.50624661497798
97.13228513805674
106.43223906402076
116.44027536878126
127.1985261959525
138.74872555829552
151.13402131693985
164.3987924829794
178.58966146065518
193.75277127807226
209.9382925005989
227.19939712450062
245.58973513312296
265.1587679732301
285.96636722198497
308.06579090937424
331.51697713331504
356.3876686907673
382.72709333053723
410.5903154040002
440.1108737312373
471.280259205637
504.19671042480286
538.9234798444915
3.033922172263679
3.591422400183924
4.231760932725049
4.9644330117262285
5.799288917193314
6.747525802058502
7.820869020700778
9.031831943547022
10.394386916962972
11.921825519430822
13.63007658999969
15.535614199093002
17.65605403129573
20.008635570489737
22.613782087452442
25.49081809176872
28.661576724520174
32.14675532034507
35.978372993844495
40.17296825063645
44.758906426808274
49.764428376416234
55.218496464955265
61.148929009945235
67.59178059683354
74.57649404615984
82.13795372560068
90.31108886211032
99.13413644454566
108.64556502914758
118.88467810309113
129.89412871119072
141.71406862729845
154.39233288818372
167.97350324878457
182.50531299115605
198.0359969768788
214.6023656520421
232.30377675360083
251.1479410712064
271.2062342374437
292.5343304583035
315.1949440592286
339.24397507945037
364.75150832078486
391.7744010357079
420.38816701369325
450.6519913752382
482.64077855801025
516.4278275042064
552.0721502425845
3.074988819966693
3.641071559696176
4.29144387365646
5.0358335208521074
5.8842924541617645
6.848219974564592
7.939539263011529
9.171388853956756
10.557575488119332
12.111794687929123
13.851131837127483
15.791729871510544
17.950969871274776
20.347739929481772
23.002386931716142
25.9348775982864
29.167500565481646
32.72452741783156
36.62978217439267
40.90904238463944
45.5889437384392
50.697711935537384
56.2644188910474
62.323503095109
68.90279586200793
76.03803338402626
83.764551820745
92.11717474536691
101.13620879747197
110.86217353932481
121.33249225992617
132.5898244565723
144.68467147138423
157.65706894265108
171.5562533692836
186.43043770054283
202.32259983109697
219.30872761833373
237.42313055819164
256.72513288518894
277.274915827133
299.1309499897264
322.352218567573
347.0033022015714
373.153691585915
400.861531390653
430.20501783417774
461.2465883581244
494.2554205375835
528.7177539857648
565.3002764046781
3.115725341827325
3.6902951491469023
4.35069148797761
5.10678598631672
5.968711430694176
6.948295009106068
8.057697108491768
9.310151306971287
10.71972053709845
12.30121528802822
14.071405767962423
16.046419049152316
18.244781527992377
20.685448786023397
23.38975461331622
26.377263717661265
29.671790125378855
33.298315420393486
37.27984085357878
41.64398147998917
46.41807258086698
51.630136024466466
57.31312612858688
63.495799635760655
70.21298700461442
77.49934300591131
85.39044490233461
93.925537954407
103.14004051382884
113.07899739517008
123.78204100051661
135.2950943288246
147.66018503144875
160.9276723989782
175.14602894384132
190.3634417786159
206.6350156599173
224.01337796304145
242.5569925543131
262.3203078249092
283.3590020168561
305.7493785885299
329.53663528467047
354.7951001699011
381.5909714988323
409.9891305435161
440.0667687884854
471.891533283793
505.54149956826876
541.0786556958283
578.6104550437236
3.1561344241511757
3.7391674490116995
4.409498328661516
5.177118276361252
6.052558852676712
7.047813942437921
8.175048706737632
9.447945090664568
10.88135187272039
12.489869553870346
14.29031646337382
16.299964599601925
18.537387083579564
21.0226983732444
23.775785106425502
26.818548449578643
30.17534671409557
33.8700754779279
37.92823715468271
42.37730011558451
47.24535361252022
52.56125992283279
58.358583483992064
64.66704714183815
71.52237135111255
78.96010822692358
87.01644191497401
95.73239626390728
105.1440514820302
115.29685350019662
126.23556147983827
137.99901619451958
150.63907587048212
164.2035439577365
178.74086740569373
194.30546379636135
210.95025700941676
228.7296272484244
247.70539410976502
267.93211215891444
289.47322842493367
312.3893177250618
336.74575636196226
362.61615187814726
390.06307751388994
419.1542016112678
449.98808534068985
482.5842586752842
517.0650724753829
553.5027820758766
591.983205718312
3.196195000305194
3.7876574055896475
4.467803708551688
5.247019062374388
6.135835093201826
7.146571359705434
8.291512944843083
9.585291029489138
11.042275160051327
12.677386985929946
14.508203282080189
16.55240595838762
18.82856570322166
21.35795977974334
24.16036885227501
27.25813302287009
30.67719124007638
34.44049697985359
38.57531412240558
43.109086522007686
48.06943480222158
53.49101375424753
59.40254295810768
65.83700104114112
72.83064500924617
80.41993082035827
88.64324709553752
97.53914851561086
107.14870762678449
117.51642775278754
128.7620083209669
140.70600836645818
153.62236581205482
167.48406914396563
182.3416076016943
198.25418581314224
215.27388024906355
233.456691416003
252.86560766918817
273.55813886584735
295.6509431822273
319.05009928600924
343.98021282292837
370.46384499772915
398.56518315537073
428.35465590299407
459.91766558220996
493.32289645449555
528.6483277442339
565.9933581974502
605.4302020002033
3.235935738252624
3.8357775509323857
4.525713742021357
5.316311049960179
6.218420768425107
7.244480186072732
8.407464414647677
9.72156229010387
11.202036161201276
12.863839573372102
14.725146906745207
16.803622712224016
19.118804800958994
21.691979985474134
24.54348557122615
27.696426472662335
31.177101892346506
35.00913614592467
39.22055948910082
43.839154380377714
48.894907982962934
54.41897251689846
60.44600870189318
67.00542411857953
74.13754444369624
81.87811067162069
90.26820346808897
99.34528668011889
109.15320418679104
119.73643308474676
131.14303052709988
143.41516075929852
156.6026881853629
170.76802528117395
185.95013352415776
202.2098021648294
219.59815978220803
238.19337696904904
258.03383652485763
279.19628069010895
301.74134749984927
325.7302999550952
351.2388612081041
378.33592299298044
407.09400477307884
437.5900931685688
469.9047634602667
504.09993888832116
540.281986137289
578.5301027320113
618.9133953294049