19.262268165878222
23.468875611477454
28.4585987799247
34.35320922744363
41.29092555012707
49.42161394053698
58.92152068719421
69.98274409213916
82.82014549168616
97.6728006686688
114.8065401866738
134.5140318444117
157.1207706427236
182.98521260570317
212.50040236148428
246.09720694116447
284.2586009065476
327.503221539082
376.42779006388974
431.55221013876405
493.65755057306416
563.4507108686012
641.7182911089742
729.3581740903894
827.2884480722132
936.5095185694987
1058.170417361925
1193.4471685366173
1343.6139268100626
1510.0697406998822
1694.2945517732026
1897.8827262180976
2122.6148500284467
2370.233443755717
2642.7865785846984
2942.564297046524
3271.293941046549
3633.4116814917957
4026.8223832938875
4458.858857252817
4930.947207788052
5446.191545026867
6007.742577776345
6619.604197103127
7284.959204673006
8008.434031234627
8794.141690017625
9646.334471457756
10569.88010254251
11571.117861510615
12651.81830189947