0.0267593094298507
0.07265089076384143
0.1723722166181936
0.3630452938421674
0.6883768365098598
1.1900184919840575
1.8970288214478352
2.817360051245063
3.934154600635073
5.207757120916438
6.584504651835532
8.00422557090955
9.410113162351472
10.754594665102386
12.002510888415589
13.131847330378672
14.132153532922747
15.002605830291309
15.74871547370625
16.380168607458742
16.90895454121002
17.348207217245534
17.710442088366744
18.007359154802256
18.24967863431032
18.446635884675317
18.60621408048522
18.73517883782092
18.839186740220104
18.92289839667557
18.990206253748106
19.044261883276384
19.087633689140397
19.12285444700818
19.15071349783157
19.173024995275675
19.190888547272674
19.205183652708904
19.216612609029564
19.22575956352683
19.23307784841608
19.23893049825578
19.243610554056854
19.247352638923935
19.250344541556288
19.252736525225938
19.254648800802574
19.256177520761355
19.257399583578923
19.258376482491055
19.259157387333264
0.04114540233492267
0.10827787483305776
0.24990638359142403
0.5137212593334695
0.9534560021934825
1.61755608224661
2.5364542980328326
3.7132829515428027
5.1211762761061195
6.7070137840696376
8.402000021697884
10.133757565855172
11.834697163021493
13.4499380725609
14.94025354948045
16.282219929501277
17.465948374000458
18.492247367385133
19.369234574798917
20.109882630822163
20.728873309357798
21.242093617237614
21.664779883622373
22.01085550513534
22.29299446273949
22.522143479987967
22.70768189205508
22.857554421943817
22.978366866755014
23.075594787711847
23.153747867944855
23.216490421381053
23.26681684309411
23.307163829345388
23.33948174994941
23.36536440830632
23.386086951012505
23.402664036884048
23.41593014660933
23.426542099567218
23.435021793253963
23.441810843350446
23.447239024478865
23.451578714081034
23.455048374271943
23.457822289927883
23.460039883516576
23.461812670528335
23.46322983374342
23.464362688249654
23.46526825644602
0.062173671915203746
0.15885164203290064
0.35718030878507046
0.7174472492044253
1.3047779121875953
2.174455913098066
3.3569970065347547
4.84811982923852
6.607784034147918
8.566742125890062
10.639818269143326
12.738287007135837
14.782918310671757
16.71232504387635
18.482610558515955
20.069091641738705
21.463115287525753
22.66758104581205
23.693949890376466
24.558568025373198
25.280224249825256
25.87741463678169
26.36855373793912
26.77034650648459
27.097498178629948
27.363098905053747
27.57803928363168
27.75156070788259
27.891389505421532
28.003880860684344
28.094274318073868
28.166874783166552
28.225070622654332
28.271714381664093
28.309032509832118
28.338951769314882
28.362902407543277
28.382072647117813
28.39740514253771
28.409669621268808
28.41947856502317
28.427322694314018
28.433594991143003
28.438610697814926
28.442620279068514
28.445825819099678
28.448388453238643
28.45043705982993
28.45207470480325
28.45338380330484
28.45443025212497
0.09244923003837854
0.2296421456428297
0.5036621916182229
0.9897178540814497
1.7654281397360243
2.892915143430949
4.399257842732996
6.274066238962771
8.456497525316824
10.858939627029502
13.376088229066381
15.903007683910108
18.34867604628342
20.640990134688447
22.733114990412908
24.59982402982824
26.233728537362726
27.64024496830857
28.8364423731674
29.841886006352762
30.6793223017422
31.37152215065224
31.940129849800137
32.40486085503917
32.78307432455151
33.08995478787299
33.338076193225874
33.53825900714504
33.69954162636182
33.829256554812545
33.93344941639696
34.01709625046481
34.08414993867302
34.13788432295262
34.18094001270969
34.21541320970395
34.242993715623605
34.26506913976621
34.28273233222578
34.29685861611297
34.30815630338522
34.317190775783075
34.32441476739001
34.330189377437044
34.334807217388864
34.3384990095211
34.341450351803815
34.34380968394916
34.3456957127103
34.34720335846015
34.34840851570457
0.13540947108709483
0.3274317783804768
0.7013394687632778
1.3496884747818987
2.3638283167242937
3.8114813380091555
5.717064355516173
8.05211730984652
10.73960872827725
13.665415152640787
16.703114310752213
19.72828332461463
22.635289214749395
25.344993760337367
27.805651020035693
29.99176848036841
31.899874845957292
33.53764104262751
34.92627831567918
36.0903165514483
37.058781066428196
37.859073209637444
38.51505697435062
39.05065614792247
39.48620878731286
39.83925175941585
40.124650786396145
40.35486577630272
40.54011858560306
40.68918057390013
40.80889415195607
40.90495140518997
40.9819811732422
41.04371178587941
41.093145830295995
41.132723229732946
41.16439901434035
41.18974425601608
41.21002060558111
41.226238119575925
41.23920586253209
41.24957730380745
41.25787020297188
41.26450066735185
41.269801665991935
41.274039582097444
41.277427491032604
41.2801358040388
41.282300795439475
41.28403143108252
41.28541483444521
0.19552616098897974
0.4608890459274389
0.9651446476333637
1.8207892451144996
3.1336605347786604
4.976047844749839
7.364855126752916
10.253140308163742
13.539024321879879
17.080785434278543
20.724916165574548
24.326681882218885
27.76540900060096
30.952576963430747
33.83353635061543
36.38307446334384
38.599344767434346
40.497487371718016
42.103359488443274
43.44779422753318
44.56400920795756
45.48415149860608
46.23821211890721
46.85343495471672
47.353386764195584
47.75841310876267
48.08565419595265
48.3495255164991
48.56194453081866
48.732669545423406
48.86978608911663
48.97645315449629
49.06798363330729
49.13864480965013
49.195235117788776
49.240537611599976
49.276787647377205
49.305796321949835
49.32901981869336
49.34758640110726
49.36242964350038
49.3742960343685
49.383786468505235
49.39137431545221
49.39744067632999
49.402290429649945
49.4061674351432
49.409266719743826
49.411744239413025
49.41372469563319
49.41530779204335
0.2786181267561402
0.6409153357013649
1.3135289017753673
2.431513103856047
4.115663157615918
6.440785221027949
9.412528748965437
12.960830497652083
16.951779770686976
21.212967878067253
25.560955730484228
29.82712221035164
33.87455498136264
37.60672346427763
40.96494790854396
43.92610635395986
46.4921539933204
48.68435758008129
50.53475294086122
52.081116716884885
53.3628582698447
54.41819535061867
55.28232480046659
55.986817500589474
56.55882663642147
57.021979983028864
57.39609970256855
57.6976421147138
57.94032420859197
58.13531645593661
58.291902098650425
58.41733168852346
58.518017345775654
58.59866936046733
58.66325177124328
58.71495350793243
58.75632856692763
58.78942890013705
58.815910041278336
58.83708896310287
58.854025906533636
58.86753555434205
58.878364291152955
58.88701804894442
58.89393972211316
58.89947321516018
58.90389679257056
58.90743299133611
58.91025976290846
58.91251939412222
58.91432564742444
0.39209723155786713
0.8811855525183899
1.7691806142961655
3.216210100540567
5.358083347330862
8.269440150635303
11.939755069970445
16.2694166039031
21.088168032838198
26.185511695279676
31.34555923345617
36.37434220412125
41.11742344907282
45.46887741061001
49.36664825012441
52.79236442368165
55.75347977578823
58.275858938554094
60.40024731921265
62.172883084028975
63.64016031132957
64.8468731678927
65.83395456460947
66.63800559922873
67.29069385838858
67.81879822540651
68.2451401373443
68.58890974406296
68.86529385556571
69.08737882561395
69.26565287871561
69.40886849455617
69.52349374465128
69.6153060888511
69.68881467121132
69.74765361651487
69.79472743411998
69.83241020003689
69.86254135827393
69.8866373457814
69.90590837774478
69.92131781101963
69.93363852283524
69.94348903532482
69.95136422329013
69.95765995576039
69.96269285424903
69.9667161255606
69.96993224269164
69.97250309719507
69.97455812461106
0.5453303167239695
1.198587517977352
2.359650773684379
4.215953056139934
6.918037741043822
10.536505430782176
15.038588025499314
20.28306412717175
26.073342299517893
32.13897169259865
38.23249402308166
44.13187461490216
49.66650355995668
54.719698499774445
59.22951801380708
63.178455056903275
66.58089271437828
69.4732813106411
71.90503549643233
73.93049988256679
75.6049408375005
76.98064931401198
78.10507440753852
79.02024840285002
79.7627964235056
80.3632475985596
80.8478151623249
81.23809158316286
81.55219958278818
81.80439751891622
82.00680374372054
82.1690871728279
82.29916787798682
82.40335023999312
82.4867910436962
82.55356053506092
82.60699252237778
82.64973893415659
82.68393078976878
82.71127624676184
82.73314374487443
82.75043940301154
82.76443090871005
82.77560814310723
82.78454393440954
82.79168750917853
82.79739815585526
82.80196319673084
82.80561238096936
82.80852559161093
82.81085732812093
0.7501448462198148
1.6139119658178873
3.118108690193756
5.480037042901086
8.860133891411591
13.328617736956742
18.815716952573588
25.144904270374784
32.050504215600306
39.23178449694625
46.393921876489784
53.28530150038811
59.71543047303006
65.56129561600896
70.7586958895679
75.29483126728047
79.19258910803022
82.49912634302564
85.27379813804379
87.58172514401873
89.48728325401896
91.05096982221401
92.3277853032411
93.36647672367192
94.20863358652184
94.88948682321758
95.43867234810156
95.8809432903192
96.23660469662023
96.52224276217709
96.75143551605294
96.93521581395073
97.08282238480889
97.20077777947404
97.2952138911988
97.370817406782
97.43129826605188
97.4797495957955
97.51844767186323
97.5493967856806
97.57414559696562
97.59393456146833
97.60974362307124
97.62239321560902
97.63250602818407
97.64059050542635
97.6470532882497
97.65221956038438
97.65634934181469
97.65965053171912
97.6622893462629
1.021128944809832
2.1525074739565273
4.084528259870881
7.065470470926053
11.270020159068107
16.766775035505646
23.386649334935136
30.979089964638877
39.18190694777939
47.64359557398605
56.02470745569276
64.04114807747027
71.48389089543728
78.22068788177404
84.18982090037468
89.38329007682776
93.85618234278404
97.60373868392158
100.76070782494119
103.38262464573143
105.54448474724005
107.3173120604128
108.76395097392925
109.93972435199275
110.89226398427257
111.66209372231663
112.28296902578202
112.78282954225237
113.18459610931149
113.50723081812428
113.7662100554493
113.9737729441913
114.14008814301327
114.27323747405124
114.38028735417907
114.46562955960785
114.5339495465368
114.58857416152172
114.63226473523302
114.66720540911156
114.69515306309565
114.71749356503666
114.73535543403422
114.74963574859441
114.76105217385138
114.77017856844866
114.77747437528927
114.78330653585896
114.78796859740119
114.79169526309866
114.79467417726967
1.3763529942243333
2.845066056703454
5.306417231054068
9.041495542349017
14.232025833744443
20.903299382592117
28.909611720383587
37.95549559468399
47.65022796529677
57.575617797935635
67.34266854723874
76.63099211170761
85.21398024866004
92.95100104554776
99.782589193122
105.71101474196706
110.77992193338352
115.0620406246754
118.64359265269945
121.61419752107159
124.06120144295951
126.06565891247473
127.69999714280456
129.02737933563648
130.10252885157627
130.97106385328135
131.6708655415329
132.23425058314416
132.68720124594304
133.05094935819636
133.34276607290363
133.57663708975682
133.76401005950714
133.91406669092717
134.0341800261172
134.13020759180515
134.20703612326017
134.26856023230138
134.31776803093544
134.35712021459406
134.3885875987734
134.4137480185393
134.4338642862679
134.44994682907202
134.46280396463152
134.47308222152955
134.48129865402348
134.48786672698014
134.4931170415147
134.49731392404956
134.5006687007211
1.8378915939010054
3.7285448830324595
6.840123755647006
11.486987379296613
17.852478544082707
25.934488607294366
35.52484629049261
46.25651099526816
57.66244402333051
69.25442165265474
80.58957441834279
91.31341773188393
101.17617034159656
110.03287131934574
117.8291404865736
124.57275209619975
130.32760759698698
135.18002070243006
139.23208110371178
142.5885918978989
145.35067406547265
147.6111426264261
149.45307317979032
150.94849335269723
152.15888420081723
153.13634860866574
153.92400865595252
154.55788192786554
155.0672693709388
155.47623368662394
155.80420543367418
156.0670912548882
156.27769206776838
156.44633234189223
156.58132441850984
156.68935112504963
156.77577907227038
156.8449139295208
156.9002289650472
156.9444633646273
156.9798213397242
157.0080922239499
157.0306951530355
157.04876559068796
157.06321185264878
157.07476043233387
157.0839923234109
157.09137211276953
157.09727127327494
157.10198680660392
157.10575616046623
2.432650723827565
4.846905795216978
8.752070357751231
14.49479752885718
22.254987589013556
31.988339677663063
43.419887509791835
56.092053805240305
69.44872491933144
82.9327549975305
96.0390945357443
108.37362368814213
119.66976521488793
129.77628428094658
138.64418090209793
146.29740113118427
152.81306566549446
158.29674420431223
162.87057794252
166.6537347413034
169.76380159576163
172.3071812458731
174.37808310359125
176.05846944605744
177.41800715721652
178.51546710961404
179.3935695333759
180.10488022283712
180.68247691358323
181.14121065264194
181.50907870681056
181.80394859630195
182.04001585835624
182.22914141914433
182.38051114489264
182.50178070293265
182.59869960259374
182.6762142291075
182.73820863756018
182.78778464880654
182.82722253540194
182.85891802684523
182.88435121749174
182.90442454757115
182.92062037515885
182.93356752542263
182.94391738951126
182.9521908391743
182.95880434630317
182.96409088714165
182.96831666837716
3.193050000406795
6.252640173842539
11.119745464109117
18.17153950209308
27.577501601047796
39.237497750692086
52.79447418441921
67.6901666018856
83.27724327902834
98.8953847136922
113.99220001690188
128.1331614706614
141.02989438502513
152.52781836014836
162.58479453313694
171.24435797457326
178.62369080874578
184.78401118147093
189.93094071105008
194.18510464836453
197.67908931179574
200.5350374528775
202.858283739509
204.74200604000367
206.26736715485293
207.49678805473633
208.48708548917168
209.28355650049716
209.92335424568344
210.4367128713259
210.84845148063692
211.17841535068715
211.44277101268005
211.65443044505915
211.82380097258653
211.95932759734626
212.0677496126918
212.15447340846035
212.2238316467061
212.27928024482074
212.32361892605738
212.35907781542275
212.3874271410258
212.41009134600452
212.42820985036118
212.44269394862067
212.45427239739593
212.46352792385238
212.47092645208846
212.47684459163253
212.4815719563552
4.157890122727395
8.007565590090241
14.033932046075117
22.641817224773312
33.97687911370195
47.875097421745814
63.87991918383394
81.31511131282221
99.41861676407775
117.4524905407608
134.79378964048993
150.94804290102323
165.62661300222362
178.66918645806592
190.0470310327452
199.81641150169557
208.103031343839
215.0558269698592
220.83635166152214
225.60834499187922
229.52398534251319
232.72178502873697
235.32192160775742
237.42956588860554
239.13340164243257
240.50783643566112
241.6145880226603
242.5027033327792
243.21744741242526
243.79128036285994
244.25103117150735
244.62072478943057
244.91600566451098
245.1522969541864
245.3413132868207
245.49314374322546
245.6141599898268
245.71098560627263
245.78842134568458
245.85034353778664
245.89985594555137
245.9394428897998
245.97109232978062
245.9963946845072
246.01662210555713
246.03279065750561
246.0457129977315
246.0560457219498
246.0643053047226
246.07090762114385
246.07618514882594
5.373467819043389
10.184664749188608
17.599583157381982
28.047225783550505
41.64128673243939
58.132316054936595
76.93733505443575
97.25622452630965
118.21120863158549
138.95613926207764
158.7909889065898
177.19975866854517
193.8653714970768
208.6202561629639
221.45306466730378
232.4547197866691
241.76590611868355
249.5652616015706
256.0602020419128
261.3836854865731
265.7626377927796
269.33571787852935
272.240016712231
274.59425415939313
276.4957237137677
278.0290837635974
279.2618082941484
280.2542558147503
281.0511738189029
281.69054278280913
282.20313859545433
282.6138883758892
282.9427996859116
283.206091096463
283.4168616023944
283.58548432346527
283.7203756966673
283.8282826217397
283.91454395127147
283.98353999594457
284.03870792351614
284.0828162310682
284.11808019034424
284.1462720210444
284.16880925889063
284.1868255854387
284.2012275689621
284.21274009896655
284.22194275430803
284.229298905879
284.23517900010296
6.8947910221541555
12.867837496552182
21.938617262924737
34.55166331776571
50.76916154171667
70.24176037311696
92.24962388598799
115.84575160205992
140.0049597986961
163.79163512519222
186.4183095675321
207.32704736655498
226.17973625511618
242.82669888948377
257.28396480701474
269.63898212751485
280.0770015468222
288.80786586121843
296.0605044705823
302.0285383391896
306.976237228326
310.89915581424657
314.13615841159975
316.7579199132145
318.8744762351633
320.5805984305068
321.95469271015173
323.05920458119743
323.94602387394366
324.65743025493606
325.2227016003453
325.67954237891587
326.04008189937315
326.33260757407754
326.56699065496036
326.7545384277853
326.9045823948219
327.02457572091123
327.1205361935531
327.19726960387135
327.2586635717986
327.30771727766614
327.3469347231852
327.3782869900195
327.40335063923806
327.42338650976444
327.439402838178
327.4522057978281
327.4624399510558
327.4706353265009
327.47717448487504
8.78641546581648
16.15722733086607
27.18939736483322
42.334866223030524
61.59430582949748
84.4893638845483
110.14174155094557
137.4384510881304
165.2077191657805
192.3828522869441
218.1183214494109
241.80162885713088
263.09048497563555
281.82812561252257
298.0464027984
311.8894039962213
323.568634546569
333.3187130952795
341.3981090437743
348.06800995992586
353.49042273686405
357.9260639624947
361.5271424433332
364.4423402171923
366.7963820902629
368.69362009470626
370.2203176052217
371.44718337766705
372.432499249276
373.2225374870519
373.8558599486671
374.3632040491207
374.76939107062265
375.09458287115143
375.35481760257807
375.5630223293147
375.7634766368257
375.89669794523604
376.0031628365646
376.08819204277455
376.1563066437594
376.2107652060592
376.2543034212975
376.2891097197753
376.3169344686214
376.33917748128437
376.35695810991444
376.37117136416754
376.382532827324
376.3916145965629
376.39887403499836
11.124353616981619
20.16611439821368
33.513818653726176
51.61100395028199
74.38059852684601
101.18642425782463
130.97278915914174
162.43638324382962
194.23380889037037
225.21407358170399
254.3965185800898
281.1499130765055
305.1117719221173
326.1495610131061
344.32108066986615
359.7935250642819
372.8243141408495
383.6939928075026
392.68950522386484
400.10757246276654
406.1365273257492
411.06619459664904
415.06481883637935
418.29987575371604
420.9115457300242
423.0160397292919
424.7090804021467
426.06945174561776
427.1615524386987
428.03731086307863
428.73923661743856
429.3015229579322
429.7517558407739
430.112090365746
430.40047738466217
430.6312092185841
430.81576408113267
430.96348798087496
431.0815238063219
431.17597464538255
431.251439169518
431.31177359616737
431.36000909266716
431.39857039189667
431.42939682091475
431.45403928263863
431.4737379299655
431.4894843512855
431.5020713400948
431.5121327173864
431.5201751885346
13.997387394436464
25.027325589611674
41.09160759081254
62.617865579678615
89.41324156766291
120.67746794030943
155.13829629788856
191.29107840382517
227.61759580517122
262.7958872461301
295.80460641962816
325.96721267507706
352.84276902671917
376.405183110759
396.70973858260203
413.9812159662425
428.49127449073444
440.58483634107654
450.5808758651564
458.81613226575405
465.5069705822938
470.9703492407184
475.40195533373196
478.986468655841
481.83470165138596
484.16473636442885
486.0837290123059
487.58927266940196
488.79775462967905
489.76938057766137
490.5460580244853
491.16818128270717
491.6662981510191
492.06499355616666
492.3840055430198
492.6392362910493
492.8432851574552
493.0065599930121
493.13690945137023
493.2413113950708
493.32489051211456
493.39162830637304
493.44498275948894
493.4876361327394
493.5217336835915
493.54899097206635
493.57077979841915
493.58816778745296
493.60209207478556
493.613220985075
493.6221167696137
17.50812601589466
30.891444495113117
50.1321063597307
75.62062597703074
107.03069379766062
143.35370135109147
183.08098136502886
224.47380213853984
265.83541902832786
305.68553574788956
342.9194670301267
376.7684631141925
406.91964101605987
433.2853980548937
455.92429479873937
475.1372316810371
491.27181443132235
504.69380297174934
515.7792858466602
524.9029294193477
532.3365541001633
538.3605859267459
543.263434463381
547.2279000616503
550.4262902988906
553.0021252899666
555.0867905633679
556.7505376742786
558.0854297421823
559.1560468251404
560.0139660816158
560.7008965877391
561.2510644258456
561.6914023706324
562.0437439422745
562.3256151540295
562.5510725564527
562.7316914248888
562.8758791185959
562.9911709274082
563.0833334582744
563.1570311845112
563.2159494977598
563.2630505843443
563.3007035384898
563.3308028928654
563.3548635394803
563.3740967150684
563.3894708102478
563.401760021987
563.411583272067
21.775792922559678
37.93080266701533
60.870320804453186
90.92282322878883
127.59379571519922
169.64252130198568
215.28893446698206
262.54197859775036
309.4874942626598
354.5086487648078
396.4077467456586
434.3954644826396
468.10333695605107
497.473968727627
522.6770035204938
544.0317834693736
561.934264586421
576.7683515693058
589.0417285589433
599.129634802939
607.346662100817
613.9963633105531
619.4048831528216
623.7817341388093
627.3166996181421
630.2081074009346
632.4936061550187
634.3291066263383
635.801851714994
636.9826837213212
637.9288052727427
638.6865879445273
639.293259914545
639.7788530249552
640.1673522924893
640.478140368313
640.726722472905
640.9255229769627
641.0844945602008
641.2116060868723
641.3132358780917
641.3944877946619
641.4594450021841
641.5113735261567
641.5528854168496
641.5860694648696
641.6125958735407
641.6338000466118
641.6507750969237
641.6643236595365
641.6751535478479
26.937866280692965
46.34433930205066
73.56959085949941
108.85591410982425
151.51569559349056
200.01990066366378
252.30216986091133
306.08589258230074
359.2320286780533
409.9629635264668
456.9811911021277
499.47341392951057
537.0938530696263
569.7822199321669
597.7749438479605
621.4559557108952
641.2797590773481
657.7377547544945
671.304485881021
682.3954764430921
691.5187043136555
698.8637074132522
704.8350730727656
709.6603201242763
713.5508755273697
716.6827456959812
719.200495868864
721.2222210372569
722.8441448347825
724.1444201880352
725.1863251915705
726.0206856404038
726.6886320027595
727.2231930996525
727.6509005979436
727.9930462228541
728.2667032032106
728.4855534318075
728.6605555433938
728.800483381851
728.9123592805138
729.0018022402886
729.0733074240148
729.1304703250906
729.1761664400343
729.212654407275
729.2418544182917
729.2651957225517
729.2838536074962
729.29876766622
729.3106890372533
33.15131771301835
56.35595234334827
88.5280374719956
129.80017321153014
179.2428192551484
235.01310573912244
294.7107396604258
355.72031154676534
415.7617533414868
472.7877346979264
525.4391822165478
572.8757053942198
614.7375953717426
651.044545428235
682.0789891880864
708.2882469558325
730.2039652301656
748.3777005050912
763.3474162583263
775.65136579877
785.6478956289782
793.7408037512143
800.3163122628847
805.626501891987
809.9054628823576
813.3507435798892
816.1205466113106
818.3438541799054
820.1276712425089
821.5574200540068
822.7026715822728
823.6198105307727
824.3540772809315
824.9420332718795
825.4121855487041
825.7880640552715
826.0888648827403
826.3294189323735
826.5217739312244
826.6755372933943
826.7985045047475
826.8968140215089
826.9754071653255
827.0381317052522
827.0883570693035
827.1285063308703
827.1606003974636
827.1862550482958
827.2067620799461
827.223154224017
827.2362570730089
40.59578032184962
68.21831980414119
106.0834012578061
154.17782301904296
211.29035606390067
275.2088508029315
343.1663115056373
412.2609126292828
479.8457321287532
543.7974102315897
602.6255903050582
655.4665493495072
701.9763029733863
742.2254939336657
776.5694565738188
805.5315551476128
829.7175921308653
849.7509803549483
866.2639968084684
879.7599712236048
890.7328594955225
899.6594519548979
906.884172008141
912.7197496106305
917.423486304942
921.2077557036158
924.2496768600504
926.6909312284334
928.6490948660879
930.2186722040341
931.4760340767804
932.4829681200106
933.2889550636473
933.93394301661
934.4499115029851
934.8626917510422
935.1928315196616
935.4568443226999
935.6679551841245
935.8367514506064
935.9717062612161
936.0795990657784
936.1658531024538
936.2348060164775
936.2899267269177
936.3339891289731
936.3692111661018
936.397366139439
936.4198717731626
936.4378614661979
936.4522412833295
49.476982349115055
82.21772451225698
126.6093269074066
182.44735638412917
248.19556392080793
321.23286614431987
398.3885658546669
476.38602047041877
552.3172288724026
623.8149535998028
689.4688357029447
748.2058003251539
799.7797683996968
844.3207352468147
882.2594212076552
914.206900412032
940.853975832573
962.9077174211913
981.065742802393
995.8990153038552
1007.9527509895456
1017.7524604116691
1025.68438035682
1032.0861055642874
1037.2455151198776
1041.3966014494538
1044.7307393087815
1047.4076326404881
1049.5543610179734
1051.2748447927747
1052.6532480493827
1053.7569600811685
1054.6406625650716
1055.3476216475876
1055.913223822254
1056.3656417285163
1056.7274492748772
1057.0167335748092
1057.2481063743805
1057.4331016103254
1057.581006611271
1057.699252048212
1057.7937819636968
1057.8693504649575
1057.9297594674322
1057.9780491071137
1058.0166501835893
1058.047506166531
1058.0721708170968
1058.0918862826857
1058.107645560056
60.02721355368769
98.67534128063905
150.5328501634008
215.1312790922015
290.57748629345923
373.8106278190836
461.1556954121642
548.990414344115
634.1130311532119
713.981222294612
786.9656670071109
852.1388038296316
909.2269598038565
958.4249671418513
1000.2590858850704
1035.4411234972883
1064.7543201945173
1089.0135341925513
1108.9276426528368
1125.2073184229675
1138.4295267375583
1149.1751143359506
1157.8694293432472
1164.8836803510044
1170.5358671290771
1175.0815194134675
1178.7330922925903
1181.6648780749804
1184.0156070179087
1185.8994170242604
1187.411175770302
1188.6193129461276
1189.5863557587659
1190.3601761758475
1190.9766202362234
1191.4717936434
1191.867822247468
1192.1845174786351
1192.4377487559057
1192.64021926332
1192.8020947272169
1192.9315083832398
1193.0349661316297
1193.11767136454
1193.1837852354795
1193.236635099958
1193.2788813847712
1193.312651134828
1193.3396448655524
1193.3612220397931
1193.3784694343806
72.50996828908174
117.95126833437695
178.2919625274683
252.8009111072978
339.11541166924235
433.679426462005
532.4162259889899
630.9962122202018
726.1662731304351
815.1681749114377
896.2131691395105
968.3869909275103
1031.4554271001386
1085.7140505040738
1131.7783481813774
1170.457192642854
1202.6741162271142
1229.2695175065467
1251.1118129623999
1268.921087100688
1283.4323938892644
1295.1962794815734
1304.7088528973047
1312.3804059260115
1318.563232892339
1323.5352478464833
1327.5292024230396
1330.7342642411168
1333.3041994027355
1335.3636653583108
1337.013319717102
1338.3340702117498
1339.3912027426704
1340.23728387395
1340.9139675310341
1341.4552217321643
1341.8880921892369
1342.23424448927
1342.511026892799
1342.7323257851058
1342.9092533741098
1343.0506999008603
1343.163776651256
1343.2541711033164
1343.3264314705561
1343.384194570118
1343.4303682363677
1343.467277303035
1343.4967804017217
1343.5203633931303
1343.5392140941428
87.22196824939932
140.45242569178833
210.4310096890571
296.0854122171124
394.54796480829174
501.6824128845584
612.8315735127563
723.4152749441707
829.6328670691231
928.5822097829198
1018.3860644253059
1098.169125378595
1167.7358343896553
1227.469607212671
1278.1024264840005
1320.5959013529418
1355.7766986507759
1384.913653799587
1408.9486908355975
1428.4391176445959
1444.3092855091822
1457.1742206284518
1467.5721535917837
1475.96163407353
1482.7155703873893
1488.1470397885187
1492.5088018866732
1496.008889451016
1498.8152368973451
1501.0636637140367
1502.8647379081403
1504.3066668761119
1505.4611146180628
1506.3845139848981
1507.122778007759
1507.713626209616
1508.1866992268315
1508.564558312056
1508.866381051977
1509.1070369346126
1509.3001658298954
1509.4545426375244
1509.5779727033882
1509.6766433503194
1509.7555194102306
1509.8185707919108
1509.8689716276715
1509.9092596407393
1509.9414636500726
1509.9672055634624
1509.9877819511678
104.49732599498518
166.62428713141114
247.51360344228047
345.6818724044207
457.6871544655018
578.7673311073886
703.6657057384609
827.3506892036464
945.6185814858052
1055.4234816650076
1154.823973205006
1242.798924488005
1319.398177826029
1385.076287239907
1440.658237456905
1487.2118425759775
1525.8728854952867
1557.7568743435227
1583.8705482492032
1605.2010083648738
1622.5406150265121
1636.5892268329937
1647.9415589722996
1657.090652959513
1664.4612185212497
1670.3862865619803
1675.1438977539722
1678.9617108771242
1682.0219943068637
1684.4742001289476
1686.43798851953
1688.0102646539935
1689.2685273550467
1690.275443159977
1691.0809764473483
1691.7251490160697
1692.2403131403405
1692.652262876711
1692.9816502419574
1693.245004804488
1693.4555530723767
1693.6238762804494
1693.7584379928128
1693.866006994591
1693.9519960671682
1694.0207332580505
1694.0756790200546
1694.1195999719898
1694.154707915029
1694.1827710317616
1694.2052028213152
124.71049825980049
196.93920720234945
290.171242963537
402.3525977021293
529.4231047603
665.9180654843718
805.9125629241137
943.9673847961448
1075.4128416530828
1197.0129293240195
1306.76323522811
1403.787232919527
1487.9636371816885
1560.0227339277442
1620.8896193382602
1671.8503527255593
1714.130610332346
1748.9443135273357
1777.4903962930166
1800.7751065929097
1819.690454043365
1835.0036233800847
1847.3789233033876
1857.3565850955426
1865.3876672821411
1871.843083388854
1877.0262580161848
1881.1844504655621
1884.5179057287514
1887.1878842690278
1889.3267075390288
1891.039188758556
1892.4095222760905
1893.505859255093
1894.3830416020091
1895.0844880095806
1895.6453233082548
1896.0938880602175
1896.4525488013246
1896.7394804683347
1896.9687375900016
1897.1520167551541
1897.29853406953
1897.4156600551992
1897.5092886110435
1897.584582766437
1897.644409855209
1897.692232640939
1897.7304594525338
1897.7610155752598
1897.7854400923477
148.2801097181274
232.0465310107217
339.104442427535
466.93671854091775
610.7205814197922
764.2304955884169
920.8580524306414
1074.619169160214
1220.3915691849597
1354.822406437423
1475.808425883948
1582.4754578738455
1674.9548024706771
1753.871241998933
1820.5131193374516
1876.2294719058182
1922.380917696021
1960.3977836342785
1991.5286422121744
2016.9005793292308
2037.5046007468843
2054.1845309081955
2067.6597962157402
2078.521086441746
2087.261406707054
2094.2871994051256
2099.927244446604
2104.4513531777698
2108.077863895914
2110.983238780186
2113.3098285148308
2115.1723095068423
2116.6627458753496
2117.855209160811
2118.8090913254723
2119.5720412609276
2120.182153694498
2120.6700176158674
2121.0600975018924
2121.3719729396244
2121.6213100682467
2121.8206412486943
2121.9799903087405
2122.107373623854
2122.2092014792993
2122.290599426088
2122.355665490817
2122.4076759898476
2122.449250181112
2122.482481964333
2122.5090452088098
175.67344457655074
272.4655506534611
395.07886648103107
540.3480874976452
702.6408526457259
874.8864548670869
1049.7290112927556
1220.5019972042992
1381.9831041491123
1530.4769983275396
1663.5389552847164
1780.6125710466276
1881.95925020418
1968.419084953917
2041.1971770734883
2102.0009367658267
2152.3323944916297
2193.752834012505
2227.6585965558293
2255.2807549876366
2277.703893043983
2295.852670270373
2310.5067939671435
2322.3172642595778
2331.81904342373
2339.45343500363
2345.582899896774
2350.4992258315597
2354.4401787160655
2357.5969910181557
2360.1250991373236
2362.1485289510724
2363.767756233621
2365.0636140082074
2366.0987282623855
2366.9275208289628
2367.5903037240446
2368.1202788870974
2368.54402593158
2368.8828165219447
2369.153670207927
2369.37020173342
2369.5433004634774
2369.681674848639
2369.7922885128273
2369.880709396423
2369.9513891972097
2370.0083960587
2370.0535570805737
2370.089655923108
2370.1185108842287
207.40925967660033
318.90720919963
458.94075726484306
623.6001861118267
806.3402814501732
999.1682508656692
1193.9426905510943
1383.3969009309053
1561.8262503383726
1725.307368132807
1871.6301082953353
2000.0838437909536
2111.047439494982
2205.470053895497
2284.858805961425
2351.097780185037
2405.9464066044
2451.025518196653
2487.9080815542034
2517.9412860369603
2542.3108237886195
2562.030304782058
2577.948430400715
2590.7734100696957
2601.0904272434623
2609.3803992790863
2616.0344123883697
2621.3708872834577
2625.647954893106
2629.073902827009
2631.8172656192028
2634.0127452604866
2635.7699617092144
2637.1757697899093
2638.3008431859334
2639.1999801672473
2639.9191778542363
2640.494257628403
2640.9539804823285
2641.321599062747
2641.6154983888914
2641.850452557031
2642.0382780082336
2642.1884244672137
2642.308448228832
2642.404391065875
2642.48108348247
2642.5423873567956
2642.5913900474543
2642.630559647412
2642.661869145643
244.06708056934858
372.12273761004525
531.6142570853353
717.7760986966839
923.0614442223231
1138.4813112123577
1355.0211166227973
1564.7798856572524
1761.592363709071
1941.4322585794966
2101.988647746832
2242.5870914289217
2363.7515316926147
2466.7584798728976
2553.396261846432
2625.6253205719145
2685.2413393692914
2734.2660979363336
2774.3380668680143
2806.9550809435723
2833.4120506265754
2854.812645193785
2872.2542296387464
2886.1676389914483
2897.3567598655486
2906.3467279609044
2913.5621319858683
2919.3486700447706
2923.9859508107497
2927.7001904191934
2930.674557715642
2933.055053503734
2934.9585133418254
2936.4824270947865
2937.701373106685
2938.6765622017797
2939.456134208319
2940.0794931273444
2940.5778981545486
2940.976373557394
2941.294940332551
2941.5496135644757
2941.753202040213
2941.915948941075
2942.046044949382
2942.1500390199967
2942.233167123333
2942.299615276057
2942.3527299537154
2942.395186382954
2942.429123129269
286.2837194706025
432.9374956070093
614.1161301382925
824.0800692087631
1054.16759301593
1294.3303458048522
1534.6056947594964
1766.423296237125
1983.2307627151633
2180.6590382533186
2356.563545875899
2510.2779860054006
2642.51638874322
2754.7965876167113
2849.0495395371645
2927.535212390419
2992.438817979071
3045.7254249111948
3089.077278094552
3124.455188957919
3153.2179939935154
3176.417668971038
3195.136250600877
3210.2121188391525
3222.3310551023424
3232.0694976158684
3239.884577643493
3246.151441107291
3251.173519517564
3255.1979054425647
3258.418490608297
3260.996173281545
3263.0587584779805
3264.708826117194
3266.0286559647775
3267.0841967128313
3267.9282786266867
3268.6032045429715
3269.142835771885
3269.5747166170445
3269.9196303520275
3270.195352218059
3270.4157768739615
3270.5919820369286
3270.732835980539
3270.8454293785976
3270.9354312762084
3271.007373898688
3271.0648804797524
3271.1108474817843
3271.147590319171
334.76573315682566
502.24804754138637
707.5356828353956
943.8055226857679
1201.1329862029868
1468.33984618624
1734.4662847154189
1990.2194242598594
2228.6221734323703
2445.1478647787508
2637.4956683644987
2805.357884888413
2949.4853814112216
3071.6928239631557
3174.2152633189885
3259.461737471145
3329.779687410437
3387.5896722603734
3434.7337879333713
3473.074980273977
3504.072877283066
3529.1940807906553
3549.4598541174414
3565.7767969166384
3578.9093454593954
3589.4499746253223
3597.9062940079953
3604.6862130974923
3610.11939821884
3614.4709631503256
3617.9548549786714
3620.743194230432
3622.9742754373606
3624.758187562067
3626.185780277377
3627.3289498133477
3628.2425670667726
3628.9726669979723
3631.0835545052832
3631.5505909159156
3631.9239662639893
3632.2224531177103
3632.4610652345946
3632.6518088206262
3632.8042841279257
3632.9261670300125
3633.023594406809
3633.10147247915
3633.1637234524615
3633.2134827811874
3633.2532569223454
390.2899761618254
581.0560097989395
813.0873176573466
1078.3488310674966
1365.5815508562064
1662.2746770586443
1956.4869624187063
2238.193343164952
2499.9337078498706
2736.999340424258
2947.162834532614
3130.0753488478003
3287.0325527333043
3419.8836558629782
3531.2046206540376
3623.6876481489444
3699.96558246511
3762.5177127145284
3813.518171019625
3855.0941785094105
3888.722338294145
3915.8991755143757
3937.730123064171
3955.38810554067
3969.574557929121
3980.952344952565
3990.0929377500315
3998.068401758801
4003.306515847262
4008.0093223163885
4011.7743943580776
4014.7875784687776
4017.1985057632437
4019.127164618356
4020.669776661161
4021.9034546527305
4022.889966684117
4023.6787643687753
4024.3094318325498
4024.813642425747
4025.2167350622353
4025.5385186964613
4025.7961204028898
4026.0020435453644
4026.166652670991
4026.2982346816893
4026.403414935437
4026.487490148485
4026.554694685204
4026.608413532869
4026.651352616368
453.7766387123888
670.4374923459899
932.083132645442
1229.2439177343997
1549.1935082340153
1878.0378674302572
2202.7468453159618
2512.509265211496
2799.4062513455597
3058.618468046038
3287.889066151249
3487.125389154157
3657.6336898251075
3801.8764251114044
3922.6825795135946
4022.675631133093
4105.507872447929
4173.218398195442
4228.453804845104
4273.324427088661
4309.671961343863
4339.117757426128
4362.798995791061
4381.807763051352
4397.130384340945
4409.434382515517
4419.30513298378
4427.177681691527
4433.475857497133
4438.553677744327
4442.618340567813
4445.871293923777
4448.467873922423
4450.55152936996
4452.216859792123
4453.548601522113
4454.613517819122
4455.4650001746595
4456.145781349851
4456.690054289227
4457.1251597678465
4457.473003541461
4457.75107027475
4457.97335237667
4458.1510380761065
4458.293072780226
4458.406608279228
4458.497362125766
4458.569905097118
4458.6278911014815
4458.674241029578
525.9849253982708
771.5833265557646
1065.9471836707626
1398.1338724849054
1753.8287942420036
2117.6989055127165
2475.4349372110337
2815.510541479565
3129.9986564837204
3412.556914624881
3662.3252617518497
3879.0265970050095
4064.184521976172
4220.662723520531
4351.360980743731
4459.829020665125
4549.177013575775
4622.482470218338
4682.186126140619
4730.619831675836
4769.869152410304
4801.574005294594
4827.137996264906
4847.706759847095
4864.23925861789
4877.540846960281
4888.189329824918
4896.725421397215
4903.564232476858
4909.041503534612
4913.425623295203
4916.934133290824
4919.742545732377
4921.988051309532
4923.7840320069445
4925.2203007441385
4926.368789723412
4927.178090624156
4927.912286454905
4928.499260478086
4928.968514622923
4929.452646202258
4929.752526205138
4929.992244977719
4930.183868707197
4930.337044696012
4930.459485852162
4930.557358291171
4930.635591367446
4930.698125626655
4930.748111086988
608.1279003328275
885.7826331885279
1216.2242477003233
1586.8343926089326
1981.5041840765236
2383.2640447604044
2776.8878245885394
3149.7055032680933
3492.904874838775
3801.5425644902944
4073.301048335115
4308.614935272671
4509.5034371599195
4678.97021122199
4820.532814093242
4937.830025585464
5034.301280624118
5113.337154966144
5177.752910682339
5230.052799911466
5272.390802036826
5306.580554433937
5334.138993182685
5356.314391494875
5374.137062825209
5388.442674219305
5399.92733242452
5409.11574564525
5416.507093668493
5422.397704797385
5427.217210410447
5431.007910927319
5434.0329173169475
5436.51084982122
5438.399556386756
5439.919554896494
5441.258721805979
5442.248116664388
5443.039152282204
5443.671565353803
5444.177143549883
5444.581311594953
5444.904402334074
5445.162674828055
5445.369129485926
5445.53416048076
5445.666077791641
5445.771524836445
5445.855812519544
5445.923186388114
5445.977040266118
701.2660547355337
1014.438793941578
1384.7593539454085
1797.2401857264595
2234.3851077932986
2677.4525581186376
3109.549925208233
3517.677648731883
3892.4689374476184
4228.39887991436
4523.818668018722
4779.113699261506
4996.739694835574
5180.119415285681
5333.163247828028
5459.884760290558
5564.110779360534
5649.391636749162
5718.8568752509345
5775.238538402036
5820.866764285092
5857.702044186014
5887.3041132035205
5911.187924713956
5930.382577134105
5945.789896301835
5958.146800643928
5968.049183539574
5975.983354835049
5982.336539638337
5987.424293857134
5991.493830482434
5994.749672791307
5997.354028320783
5999.4369596084325
6001.10266683424
6002.434597192671
6003.499552982337
6004.350995536793
6005.031699147593
6005.5758807714865
6006.0109077232055
6006.358666118062
6006.636656907022
6006.858873377255
6007.0365034624165
6007.178491695136
6007.291988757992
6007.382711056103
6007.455228282311
6007.513193370588
806.6110813034362
1159.0856005363337
1572.8572193491093
2031.699173160679
2514.8064558121055
3002.5157106359047
3476.5215704048073
3922.604287103802
4331.038514601419
4696.425998175543
5016.827753205291
5293.36333188462
5529.031103175241
5727.375263930088
5892.675487334322
6029.407753062105
6141.79949413462
6233.713472849544
6308.556619648705
6369.281704027468
6418.413828512644
6458.0755652344105
6490.026716225663
6515.7296985757275
6536.38642423896
6552.962253169843
6566.255915351186
6576.909760650378
6585.444419464319
6592.278610965848
6597.748075830142
6602.125621217491
6605.627433472474
6608.428500084186
6610.668727142342
6612.461251204652
6613.893735714682
6615.039082131869
6615.954792480671
6616.686872933864
6617.27212600864
6617.7399839610025
6618.113986404581
6618.412955567005
6618.651941077218
6618.8429753627415
6618.995678065274
6619.117739551228
6619.215307640773
6619.293296887252
6619.355635892422
925.5974636122933
1321.370665420376
1783.0070211176112
2291.6881602793246
2825.3733834993873
3361.2779804297365
3880.2967466356013
4367.194129467523
4811.832423498382
5208.744224731872
5556.289916379365
5855.733904506918
6110.313172429976
6324.367497499255
6502.53192305226
6649.93606331157
6771.026187596021
6870.156593163887
6950.699091623004
7015.831400561484
7068.712224010578
7111.365031804234
7145.722646626073
7173.356905227889
7195.524803032849
7213.343020442291
7227.630840263228
7239.081683492036
7248.253850532618
7255.597743101016
7261.475823982045
7266.179398950358
7269.942334214233
7272.952220119417
7275.359423476462
7277.284406644404
7278.823631640813
7280.054314105787
7281.0382455751505
7281.824863065339
7282.453711882014
7282.956420120009
7283.358280720059
7283.679518477097
7283.936304346259
7284.141567197556
7284.305643308249
7284.436795923244
7284.541630812551
7284.625428600473
7284.692410510857
1059.596948937416
1503.025146438013
2017.0944043896704
2580.269204470105
3168.291071447117
3756.967297026272
4324.101115489768
4854.923142517596
5338.365482275206
5769.959461778497
6145.23355485245
6469.045133868405
6743.957426951906
6974.880770908681
7167.045357331369
7325.7933919673305
7456.114517518652
7562.598804367777
7649.2318056324275
7719.479211443017
7776.126449696365
7821.954500279634
7858.86773988859
7888.553300111142
7912.401650483708
7931.537253749717
7946.880764794162
7959.177040205296
7969.026031677466
7976.911531559238
7983.222919526123
7988.273499954834
7992.312826328025
7995.544914407918
7998.129373411194
8000.194969483692
8001.84750437011
8003.168483887569
8004.224834109808
8005.068937180425
8005.744064818724
8006.283468707647
8006.714901081453
8007.059777192319
8007.335458314661
8007.555824913299
8007.731973988176
8007.872776904521
8007.985325552398
8008.075289145443
8008.147199529
1210.2308999885684
1706.189273555209
2277.457990098387
2900.111318207002
3546.934572863348
4191.87031819171
4811.778476278617
5389.090565315447
5914.139654087424
6380.77753590428
6787.871203220525
7137.560595970243
7434.06128520454
7682.875773919917
7889.786187106376
8060.640229564377
8200.763223027368
8315.241711820594
8408.368220770732
8483.821283679628
8544.819023912598
8594.026962707734
8633.648403978099
8665.512880430757
8691.100657895026
8711.641398811778
8728.105255262757
8741.299069719547
8751.863288604934
8760.323609502882
8767.093945912582
8772.511961275251
8776.846288099916
8780.313106368772
8783.085677475303
8785.302790921205
8787.075575316027
8788.492980699104
8789.626185245648
8790.532133438628
8791.256174802813
8791.835137291579
8792.297952854382
8792.667915257114
8792.963649020796
8793.200044503572
8793.389006030115
8793.540050339023
8793.66078521854
8793.757292274828
8793.834433001239
1379.2177321045272
1932.7744393887103
2566.423380696021
3253.6562380817654
3964.1934062480686
4669.435312592348
5345.223619855799
5973.5439602720335
6543.747932544936
7049.483612667638
7488.051374175895
7865.391833193414
8185.002797373916
8452.861157294323
8675.462132383049
8859.084034091207
9009.678505621909
9132.59838564626
9232.52752693688
9313.509229503297
9378.959105773052
9431.7610518045
9474.261355728693
9508.431571697472
9535.872703082929
9557.890442722983
9575.543310887197
9589.687014460262
9601.015506651232
9610.084883545196
9617.343393419416
9623.151147208993
9627.797171111682
9631.51324463533
9634.483683774813
9636.860148899621
9638.760334660861
9640.27959254758
9641.49445303983
9642.465492594618
9643.241766900352
9643.862323607687
9644.358388057062
9644.75492807498
9645.071906545658
9645.32528376611
9645.527819386702
9645.689713887978
9645.819417996054
9645.922857490032
9646.005539474767
1568.4514959689186
2185.0975309106393
2886.9273442093695
3643.954309720464
4423.335674463146
5193.924083770843
5929.881781877152
6612.248977694475
7229.20159216281
7775.313650282352
8251.04986097845
8657.89279584896
9002.032394256405
9290.218542303212
9529.464747444572
9726.70642303539
9887.32177934545
10019.18434041816
10126.379142125716
10213.21394604318
10283.38105007529
10339.958984847992
10385.52143858507
10422.137297180667
10451.538409365616
10475.133081288033
10494.052060237676
10509.204285512738
10521.339051572375
10531.053561186458
10538.828183132993
10545.04875491774
10550.024929915615
10554.005013159976
10557.187989481972
10559.733238718725
10561.76836635588
10563.39550464174
10564.696376174908
10565.73635867651
10566.567745186252
10567.232357150328
10567.763637704169
10568.18832781174
10568.52780792198
10568.799171584971
10569.016084387466
10569.18947100883
10569.328064714899
10569.43884677884
10569.52739784853
1779.9270107671518
2465.593154767124
3241.503175367287
4074.1129684555835
4927.835986919693
5768.7052977889425
6569.18141756806
7309.024417920374
7977.024529530322
8566.867201614505
9078.876702325948
9516.877089555524
9887.021978023884
10196.676652501279
10453.559498987148
10665.210737911904
10839.798985237361
10981.205937683239
11096.093123020573
11189.140041318778
11264.31787375818
11324.92069033814
11373.697041520209
11412.979975615504
11444.45730610417
11469.709631679647
11489.955920611334
11506.175813267506
11519.163876986191
11529.562121452629
11537.883701699915
11544.5403905038
11549.866436954708
11554.126296775728
11557.5329898438
11560.258174913854
11562.43629979248
11564.177757934109
11565.57001985321
11566.683060259378
11567.572848293923
11568.28414482969
11568.852743209913
11569.307263390396
11569.670588005
11569.961011500818
11570.19315947397
11570.378724027007
11570.527051883917
11570.645614695624
11570.7403850946
2015.8415136690512
2776.922016428086
3633.270133959186
4547.976852227867
5481.515962137467
6397.803764359053
7267.403896356819
8069.327249509301
8790.888945099323
9427.1010488243
9979.143047400126
10450.311884457524
10848.137219531916
11180.714814029385
11456.170944302923
11683.77909282434
11868.93588716743
12020.459949937505
12143.475070610863
12243.038802997204
12323.484054597966
12388.329274668704
12440.514556481952
12482.4563843148
12516.190104523183
12543.143459059776
12564.795416105499
12582.142843043383
12596.261767889513
12607.380863220233
12616.282537981115
12623.40228076012
12629.09755433329
12633.651406301742
12637.29416486183
12640.207024195995
12642.536051645317
12644.398149136154
12645.886924857423
12647.076357531403
12648.027774955008
12648.788336250971
12649.396314909927
12649.882313756952
12650.270800649669
12650.58133731336
12650.829562415098
12651.027977896434
12651.186577845923
12651.313351392926
12651.414684818727