0.10000000000000002
0.11185128606450456
0.12510710194283628
0.13993390248109308
0.15651786956535219
0.17506725002961016
0.19581497063588066
0.21902156296306435
0.24497843493276597
0.27401153005299417
0.3064854203293003
0.3428078842385247
0.38343502725130785
0.42887700920237115
0.47970445042783555
0.5365555971121976
0.6001443358210745
0.6712691578591508
0.7508231860198291
0.839805389633666
0.9393331287442787
1.0506561849304232
1.1751724549609375
1.3144455043496188
1.4702242012321116
1.6444646771097058
1.839354890223707
2.0573421000055716
2.301163597602717
2.573881078366859
2.878919087924268
3.220108024599798
3.6017322381811856
4.02858382900552
4.506022822929334
5.04004447780655
5.637354566649667
6.305453582813729
7.052730924577534
7.888570241808993
8.823467267565153
9.86916161425222
11.038784189325515
12.347022081645779
13.810302988989163
15.447001502589089
17.277669839049235
19.32529591695558
21.615592018885998
24.17731766358039
27.042640742615284