40.37304136183752
62.28286590395185
92.74422251988257
134.034241235684
188.8012957461512
260.0929997476187
351.3842031390407
466.6049886195283
610.1686683150529
786.9997805144491
1002.5620864759175
1262.8865672869038
1574.5994207644217
1944.9500583863523
2381.8391022466485
2893.8463820286925
3490.2589319938943
4181.098987977891
4977.151984399157
5889.994551273283
6932.022511235649
8116.478876569564
9457.481846279312
10970.05280296954
12670.1443100689
14574.668108762628
16701.523115053278
19069.623416800976
21698.92627076475
24610.460099645185
27826.352488943416
31369.858184926426
35265.38708982972
39538.532260744614
44216.09790574314
49326.12738110842
54897.93118838114
60962.1149714067
67550.60751336749
74696.68873390311
82435.0176860125
90801.66055324768
99834.1186466878
109571.35640200297
120053.82937650177
131323.5122461797
143423.926802768
156400.16995078104
170298.94170456647
185168.5731853526
201059.05461829787
218022.0633295391
236110.9917432406
255380.97537864317
275888.92084711266
297693.5338491892
320855.3471716363
345436.74868448876
371502.00933810417
399117.31116020854
428350.77525294956
459272.4897899414
491954.53801331617
526471.0262307746
562898.1118126317
601314.0311888672
641799.127846177
684435.8803250196
729308.9302166654
776505.1101602503
826113.4718398156
878225.313981369
932934.2103499247
990336.0377465587
1.0505290040054503e6
1.1136136759909415e6
1.1796930075945794e6
1.2488723677321672e6
1.3212595683408144e6
1.3969648923759842e6
1.4761011218085445e6
1.5587835656218168e6
1.645130087808625e6
1.7352611353683448e6
1.8292997663039549e6
1.9273716776190847e6
2.0296052333150613e6
2.1361314923879635e6
2.2470842368256683e6
2.362599999604899e6
2.4828180926882797e6
2.6078806350213815e6
2.737932580529766e6
2.8731217461160477e6
3.013598839656934e6
3.1595174880002695e6
3.3110342649620986e6
3.468308719323713e6
3.6315034028286883e6
3.8007838981799507e6
3.9763188470368e6
4.158279978011997e6
4.346842135864348e6
4.542183305046299e6
4.744484643956924e6
4.953930509009906e6
5.1707084804785615e6
5.395009402052521e6
5.627027392482565e6
5.866959883902752e6
6.115007647374018e6
6.371374820881234e6
6.636268937330261e6
6.909900952544979e6
7.192485273264361e6
7.484239785139505e6
7.785385880730703e6
8.096148487504457e6
8.416756095830567e6
8.747440786979152e6
9.088438261117717e6
9.439987865308182e6
9.802332621503951e6
1.0175719254546959e7
1.0560398220164724e7
1.0956623732967367e7
1.1364653794444699e7
1.1784750220963253e7
1.221717867176333e7
1.2662208676956072e7
1.3120113665520472e7
1.3591170993300438e7
1.4075661971001906e7
1.4573871892189745e7
1.5086090061284939e7
1.5612609821561623e7
1.6153728583144054e7
1.6709747851003725e7
1.7280973252956387e7
1.786771456765909e7
1.847028575260732e7
1.908900497213192e7
1.9724194625396185e7
2.037618137439295e7
2.104529617194166e7
2.1731874289685275e7
2.2436255346087504e7
2.31587833344297e7
2.3899806650808048e7
2.465967812213047e7
2.543875503411376e7
2.623739915928073e7
2.7055976784957e7
2.7894858741268247e7
2.87544204291373e7
2.963504184828092e7
3.0537107625207223e7
3.1461007041212328e7
3.2407134060377784e7
3.3375887357567366e7
3.4367670346424125e7
3.5382891207367696e7
3.6421962915591024e7
3.748530326905759e7
3.857333491649847e7
3.968648538540925e7
4.082518711004729e7
4.198987745942853e7
4.3180998765324734e7
4.439899835026042e7
4.5644328555510044e7
4.6917446769094795e7
4.821881545377996e7
4.954890217507175e7
5.0908179629214406e7
5.2297125671187386e7
5.371622334270216e7
5.516596090019934e7
5.6646831842845984e7
5.815933494053225e7
5.9703974261868834e7
6.128125920218355e7
6.289170451151897e7
6.4535830322628915e7
6.621416217897575e7
6.792723106272767e7
6.967557342275514e7
7.145973120262878e7
7.328025186861546e7
7.513768843767616e7
7.703259950546259e7
7.896554927431421e7
8.093710758125572e7
8.294784992599355e7
8.49983574989133e7
8.708921720907651e7
8.9221021712218e7
9.139436943874285e7
9.360986462161e7
9.586811732489502e7
9.81697434706567e7