11.537519559419607
19.922477012345375
32.59588693725633
51.023550344220936
76.97196339715009
112.53631311390859
160.1684732941786
222.7050008193321
303.3951321208392
405.9287798047394
534.4645293849097
693.657636095399
888.6880217605192
1125.288271707516
1409.771631710888
1749.060004960172
2150.711949046094
2622.9506729579443
3174.6920340934257
3815.5725352755953
4555.977321777813
5407.0681783542295
6380.811526302555
7490.006420395019
8748.312546045148
10170.278216276685
11771.368368780102
13567.99256295561
15577.532976956953
17818.372404736394
20309.922252951383
23072.650538704434
26128.109885202393
29498.96552019072
33209.023272307306
37283.257568268826
41747.839429918546
46630.164471274715
51958.88089556711
57763.91749234244
64076.5116343994
70929.23727495104
78356.03294461608
86392.22974847993
95074.57936314319
104441.2820337706
114532.0145711403
125387.95834869237
137051.82729957864
149567.89591371146
162982.0272348127
177341.70085746332
192696.04092415227
209095.84412232594
226593.6076814374
245243.55736999543
265101.6754926145
286225.7288870625
308675.2969213122
332511.7994905886
357798.52501442016
384600.65843368607
412985.3092076665
443021.53931109357
474780.39123119746
508334.91596475797
543760.2010151544
581133.3983894123
620533.7525952549
662042.6286381542
705743.5400183738
751722.1767280261
800066.4332481178
850866.4365455994
904214.5740704123
960205.5217525447
1.0189362719990748e6
1.0805061616912223e6
1.1450169001814e6
1.2125725972902575e6
1.283279791303737e6
1.3572474769701194e6
1.4345871334970717e6
1.5154127525487023e6
1.599840866242604e6
1.6879905751469096e6
1.779983576277335e6
1.875944191094231e6
1.9759993934996363e6
2.0802788378343212e6
2.1889148868748406e6
2.3020426398305832e6
2.419799960340819e6
2.54232750447175e6
2.6697687487135613e6
2.8022700179774635e6
2.939980513592748e6
3.0830523413038435e6
3.2316405392673505e6
3.3859031060491013e6
3.5460010286211935e6
3.712098310359069e6
3.8843620001123617e6
4.0629622162068426e6
4.248072180057226e6
4.439868240637942e6
4.638529900536493e6
4.844239854367718e6
5.057184002038058e6
5.2775514860433545e6
5.5055347172562e6
5.741329402923013e6
5.98513457466109e6
6.237152616455633e6
6.497589292656826e6
6.766653775976861e6
7.04455867548701e6
7.331520064614646e6
7.627757509140323e6
7.933494095194807e6
8.248956457256124e6
8.574374806146614e6
8.909982957029996e6
9.25601835740837e6
9.61272211511935e6
9.980339026333015e6
1.0359117603549028e7
1.0749310103593655e7
1.1151172555616826e7
1.1564964789089194e7
1.1990950461799143e7
1.2429397087849882e7
1.28805760656565e7
1.3344762705942933e7
1.3822236259739116e7
1.4313279946378024e7
1.4818180981492613e7
1.5337230605012992e7
1.5870724109163407e7
1.6418960866459295e7
1.6982244357704405e7
1.756088219998773e7
1.8155186174680613e7
1.876547225543382e7
1.9392060636174608e7
2.003527575910364e7
2.0695446342692208e7
2.137290540967916e7
2.2067990315068033e7
2.2781042774124008e7
2.351240889037101e7
2.4262439183588866e7
2.5031488617810138e7
2.581991662931729e7
2.662808715463982e7
2.7456368658551093e7
2.8305134162065655e7
2.9174761270436e7
3.0065632201149892e7
3.097813381192722e7
3.1912657628717087e7
3.2869599873694994e7
3.3849361493259646e7
3.485234818603025e7
3.5878970430843405e7
3.692964351475016e7
3.8004787561013155e7
3.910482755710363e7
4.023019338269839e7
4.138131983767699e7
4.2558646670118734e7
4.37626186042996e7
4.4993685368689515e7
4.6252301723949246e7
4.753892749092744e7
4.88540275786579e7
5.0198072012356274e7
5.1571535961417295e7
5.297489976741196e7
5.440864897208433e7
5.587327434534884e7
5.736927191328691e7
5.889714298614467e7
6.045739418632936e7
6.205053747640664e7
6.3677090187097885e7
6.533757504527666e7
6.703252020196648e7
6.876245926033713e7
7.05279313037023e7
7.232948092351629e7
7.416765824737118e7
7.604301896699393e7
7.795612436624336e7
7.990754134910727e7
8.189784246769911e7
8.392760595025577e7
8.599741572913405e7
8.810786146870102e7
9.025953859386498e7
9.245304831700501e7