0.021836583565489055
0.022416726822137793
0.02290564664778305
0.023322962069265537
0.0236831245316523
0.02399698986608844
0.024272857621414935
0.024517173906141936
0.024735016780381744
0.02493043803596226
0.025106708174052195
0.025266494882794168
0.02541199502314027
0.025545033580367783
0.02566713878980738
0.025779599839403415
0.025883511667354173
0.025979810087566453
0.02606929958574292
0.026152675504377686
0.026230541890994476
0.026303425964603253
0.026371789923026766
0.026436040642956758
0.026496537697798105
0.02655360002334194
0.02660751148948292
0.026658525581452642
0.026706869351992076
0.02675274677334765
0.026796341592622543
0.026837819774127535
0.026877331596679266
0.026915013461329615
0.02695098945505696
0.026985372707958907
0.027018266575036524
0.02704976566842998
0.027079956761703085
0.02710891958428564
0.027136727521314675
0.02716344823174799
0.02718914419566165
0.02721387320001082
0.02723768877077036
0.027260640558229878
0.02728277468125772
0.027304134035538784
0.02732475857010562
0.027344685535901043
0.027363949709615313
0.027382583595618567
0.027400617608447565
0.027418080237995503
0.02743499819928662
0.027451396568487232
0.027467298906605597
0.02748272737216065
0.02749770282394985
0.027512244914915947
0.027526372177998942
0.02754010210475989
0.027553451217476505
0.027566435135333908
0.027579068635266917
0.02759136570795119
0.027603339609388287
0.027615002908483843
0.027626367530977095
0.027637444800044
0.02764824547386395
0.027658779780411757
0.0276690574497109
0.027679087743761495
0.027688879484336286
0.027698441078819497
0.027707780544247634
0.0277169055296963
0.027725823337144323
0.027734540940934617
0.027743065005940613
0.027751401904537634
0.027759557732469804
0.027767538323695523
0.027775349264287347
0.02778299590545577
0.02779048337576069
0.027797816592568927
0.027805000272811745
0.027812038943091515
0.02781893694918318
0.027825698464972227
0.02783232750086794
0.027838827911727287
0.027845203404322533
0.027851457544382813
0.02785759376323778
0.027863615364089316
0.027869525527935375
0.027875327319168246
0.0278810236908679
0.027886617489809674
0.02789211146120405
0.027897508253185155
0.027902810421063344
0.027908020431356206
0.027913140665611375
0.027918173424033577
0.027923120928927424
0.02792798532796697
0.02793276869730185
0.02793747304450974
0.027942100311403643
0.02794665237670256
0.027951131058572925
0.02795553811704833
0.0279598752563341
0.027964144127003078
0.027968346328088686
0.02797248340908068
0.0279765568718289
0.027980568172359922
0.027984518722611255
0.027988409892087326
0.027992243009441434
0.02799601936398745
0.027999740207144908
0.02800340675382087
0.028007020183731676
0.02801058164266788
0.02801409224370483
0.028017553068361935
0.028020965167712866
0.02802432956344932
0.02802764724890045
0.02803091919001014
0.028034146326274195
0.02803732957163925
0.028040469815365336
0.028043567922853688
0.028046624736441483
0.028049641076165043
0.028052617740492884
0.028055555507030136
0.02805845513319542
0.028061317356871625
0.02806414289703167
0.028066932454340318
0.028069686711733214
0.02807240633497403
0.02807509197319078
0.02807774425939217
0.02808036381096475
0.02808295123015189
0.02808550710451518
0.02808803200737906
0.02809052649825945
0.028092991123276893
0.028095426415555052
0.028097832895604996
0.028100211071695955
0.02810256144021312
0.02810488448600288
0.028107180682706137
0.02810945049308019
0.02811169436930948
0.02811391275330584
0.028116106076998507
0.02811827476261443
0.028120419222949125
0.028122539861628548
0.028124637073362248
0.02812671124418825
0.028128762751709863
0.028130791965324732
0.028132799246446585
0.02813478494871969
0.028136749418226543
0.028138692993688902
0.02814061600666237
0.02814251878172496
0.02814440163665964
0.028146264882631236
0.028148108824357795
0.028149933760276663
0.028151739982705513
0.02815352777799832
0.028155297426696736
0.02815704920367676
0.028158783378291044
0.028160500214506955
0.028162199971040427
0.028163882901485957
0.02816554925444266
0.02816719927363668
0.028168833198039984
0.02817045126198573
0.028172053695280266
0.028173640723311896
0.028175212567156563
0.02817676944368047