0.01756796390212509
0.018464163434112314
0.019230829289082707
0.019892907195259643
0.020469646911452553
0.020976037338146687
0.021423867452671552
0.021822504853169233
0.022179467972649677
0.022500849167042383
0.022791630101066315
0.02305591900702346
0.02329713086995456
0.023518125568754367
0.02372131476614834
0.02390874535675873
0.024082165171158514
0.024243075129712667
0.024392770960161708
0.02453237681121882
0.024662872523806556
0.024785115901450508
0.024899861009489224
0.025007773299379404
0.02510944217835323
0.0252053915109161
0.025296088436276017
0.02538195080686348
0.02546335349184925
0.025540633741729667
0.025614095772459294
0.025684014697898237
0.025750639915723725
0.02581419803308089
0.02587489540308533
0.025932920331049762
0.02598844499937801
0.026041627151979822
0.026092611572438237
0.02614153138472016
0.02618850920072996
0.026233658135286667
0.026277082706012093
0.026318879633036377
0.026359138551266266
0.026397942646145492
0.02643536922230618
0.02647149021321618
0.02650637263882949
0.026540079017314012
0.02657266773613442
0.02660419338708732
0.026634707069301992
0.026664256663718387
0.026692887082121405
0.0267206404934371
0.026747556529673013
0.026773672473604303
0.026799023430063157
0.026823642482476526
0.026847560836111388
0.026870807949324386
0.026893411653970176
0.026915398265997818
0.026936792687154446
0.02695761849861843
0.02697789804729866
0.026997652525460658
0.02701690204427339
0.027035665701810756
0.027053961645989187
0.027071807132875318
0.027089218580756004
0.027106211620325317
0.02712280114130977
0.02713900133582289
0.027154825738713553
0.027170287265148294
0.027185398245646062
0.027200170458764595
0.02721461516161977
0.027228743118403682
0.027242564627052754
0.0272560895442042
0.027269327308567723
0.027282286962828434
0.02729497717418749
0.027307406253638276
0.02731958217406793
0.027331512587266793
0.02734320483992194
0.027354665988664734
0.027365902814237043
0.027376921834835748
0.027387729318690546
0.02739833129592599
0.02740873356975467
0.02741894172704533
0.027428961148305973
0.02743879701711967
0.027448454329067395
0.02745793790017048
0.027467252374882314
0.027476402233657184
0.027485391800122175
0.02749422524787607
0.02750290660693786
0.027511439769865535
0.027519828497564805
0.02752807642480585
0.02753618706546508
0.0275441638175078
0.0275520099677265
0.027559728696248745
0.027567323080827547
0.027574796100926377
0.027582150641610254
0.02758938949725341
0.02759651537507373
0.027603530898503207
0.027610438610403173
0.02761724097613283
0.027623940386478408
0.027630539160450752
0.02763703954795782
0.027643443732358684
0.027649753832905237
0.027655971907077075
0.027662099952815218
0.027668139910659553
0.027674093665794923
0.027679963050010338
0.02768574984357557
0.027691455777039187
0.027697082532951823
0.02770263174751831
0.027708105012182044
0.027713503875144808
0.027718829842825123
0.027724084381257955
0.027729268917438613
0.027734384840613246
0.02773943350351863
0.027744416223573307
0.02774933428402245
0.027754188935038532
0.027758981394779666
0.027763712850407622
0.027768384459067232
0.027772997348828914
0.02777755261959591
0.027782051343977744
0.02778649456813142
0.027790883312571728
0.027795218572951863
0.027799501320815795
0.02780373250432345
0.02780791304894988
0.027812043858159517
0.027816125814056483
0.027820159778012048
0.027824146591270048
0.027828087075531253
0.02783198203351747
0.027835832249516242
0.0278396384899069
0.02784340150366867
0.027847122022871665
0.027850800763151218
0.027854438424166482
0.02785803569004366
0.027861593229804617
0.02786511169778133
0.027868591734016845
0.027872033964653098
0.027875439002306192
0.027878807446429652
0.02788213988366594
0.02788543688818683
0.02788869902202297
0.027891926835383045
0.027895120866962934
0.027898281644245237
0.027901409683789454
0.02790450549151323
0.027907569562964956
0.02791060238358805
0.027913604428977154
0.027916576165126605
0.02791951804867143
0.027922430527121102
0.02792531403908633
0.027928169014499144
0.027930995874826416
0.027933795033277177
0.02793656689500388
0.027939311857297706
0.027942030309778335
0.027944722634578173
0.027947389206521338
0.02795003039329749