1
1
1
1
1
1
1
1
1
1
1
1
1
1
1
1
1
1
1
1
1
1
1
1
1
1
1
1
1
1
1
1
1
1
1
1
1
1
1
1
1
1
1
1
1
1
1
1
1
1
1
1
1
1
1
1
1
1
1
1
1
1
1
1
1
1
1
1
1
1
1
1
1
1
1
1
1
1
1
1
1
1
1
1
1
1
1
1
1
1
1
1
1
1
1
1
1
1
1
1
1
1
1
1
1
1
1
1
1
1
1
1
1
1
1
1
1
1
1
1
1
1
1
1
1
1
1
1
1
1
1
1
1
1
1
1
1
1
1
1
1
1
1
1
1
1
1
1
1
1
1
1
1
1
1
1
1
1
1
1
1
1
1
1
1
1
1
1
1
1
1
1
1
1
1
1
1
1
1
1
1
1
1
1
1
1
1
1
1
1
1
1
1
1
1
1
1
1
1
1
1
1
1
1
1
1
1
1
1
1
1
1
1
1
1
1
1
1
1
1
1
1
1
1
1
1
1
1
1
1
1
1
1
1
1
1
1
1
1
1
1
1
1
1
1
1
1
1
1
1
1
1
1
1
1
1
1
1
1
1
1
1
1
1
1
1
1
1
1
1
1
1
1
1
1
1
1
1
1
1
1
1
1
1
1
1
1
1
1
1
1
1
1
1
1
1
1
1
1
1
1
1
1
1
1
1
1
1
1
1
1
1
1
1
1
1
1
1
1
1
1
1
1
1
1
1
1
1
1
1
1
1
1
1
1
1
1
1
1
1
1
1
1
1
1
1
1
1
1
1
1
1
1
1
1
1
1
1
1
1
1
1
1
1
1
1
1
1
1
1
1
1
1
1
1
1
1
1
1
1
1
1
1
1
1
1
1
1
1
1
1
1
1
1
1
1
1
1
1
1
1
1
1
1
1
1
1
1
1
1
1
1
1
1
1
1
1
1
1
1
1
1
1
1
1
1
1
1
1
1
1
1
1
1
1
1
1
1
1
1
1
1
1
1
1
1
1
1
1
1
1
1
1
1
1
1
1
1
1
1
1
1
1
1
1
1
1
1
1
1
1
1
1
1
1
1
1
1
1
1
1
1
1
1
1
1
1
1
1
1
1
1
1
1
1
1
1
1
1
1
1
1
1
1
1
1
1
1
1
1
1
1
1
1
1
1
1
1
1
1
1
1
1
1
1
1
1
1
1
1
1
1
1
1
1
1
1
1
1
1
1
1
1
1
1
1
1
1
1
1
1
1
1
1
1
1
1
1
1
1
1
1
1
1
1
1
1
1
1
1
1
1
1
1
1
1
1
1
1
1
1
1
1
1
1
1
1
1
1
1
1
1
1
1
1
1
1
1
1
1
1
1
1
1
1
1
1
1
1
1
1
1
1
1
1
1
1
1
1
1
1
1
1
1
1
1
1
1
1
1
1
1
1
1
1
1
1
1
1
1
1
1
1
1
1
1
1
1
1
1
1
1
1
1
1
1
1
1
1
1
1
1
1
1
1
1
1
1
1
1
1
1
1
1
1
1
1
1
1
1
1
1
1
1
1
1
1
1
1
1
1
1
1
1
1
1
1
1
1
1
1
1
1
1
1
1
1
1
1
1
1
1
1
1
1
1
1
1
1
1
1
1
1
1
1
1
1
1
1
1
1
1
1
1
1
1
1
1
1
1
1
1
1
1
1
1
1
1
1
1
1
1
1
1
1
1
1
1
1
1
1
1
1
1
1
1
1
1
1
1
1
1
1
1
1
1
1
1
1
1
1
1
1
1
1
1
1
1
1
1
1
1
1
1
1
1
1
1
1
1
1
1
1
1
1
1
1
1
1
1
1
1
1
1
1
1
1
1
1
1
1
1
1
1
1
1
1
1
1
1
1
1
1
1
1
1
1
1
1
1
1
1
1
1
1
1
1
1
1
1
1
1
1
1
1
1
1
1
1
1
1
1
1
1
1
1
1
1
1
1
1
1
1
1
1
1
1
1
1
1
1
1
1
1
1
1
1
1
1
1
1
1
1
1
1
1
1
1
1
1
1
1
1
1
1
1
1
1
1
1
1
1
1
1
1
1
1
1
1
1
1
1
1
1
1
1
1
1
1
1
1
1
1
1
1
1
1
1
1
1
1
1
1
1
1
1
1
1
1
1
1
1
1
1
1
1
1
1
1
1
1
1
1
1
1
1
1
1
1
1
1
1
1
1
1
1
1
1
1
1
1
1
1
1
1
1
1
1
1
1
1
1
1
1
1
1
1
1
1
1
1
1
1
1
1
1
1
1
1
1
1
1
1
1
1
1
1
1
1
1
1
1
1
1
1
1
1
1
1
1
1
1
1
1
1
1
1
1
1
1
1
1
1
1
1
1
1
1
1
1
1
1
1
1
1
1
1
1
1
1
1
1
1
1
1
1
1
1
1
1
1
1
1
1
1
1
1
1
1
1
1
1
1
1
1
1
1
1
1
1
1
1
1
1
1
1
1
1
1
1
1
1
1
1
1
1
1
1
1
1
1
1
1
1
1
1
1
1
1
1
1
1
1
1
1
1
1
1
1
1
1
1
1
1
1
1
1
1
1
1
1
1
1
1
1
1
1
1
1
1
1
1
1
1
1
1
1
1
1
1
1
1
1
1
1
1
1
1
1
1
1
1
1
1
1
1
1
1
1
1
1
1
1
1
1
1
1
1
1
1
1
1
1
1
1
1
1
1
1
1
1
1
1
1
1
1
1
1
1
1
1
1
1
1
1
1
1
1
1
1
1
1
1
1
1
1
1
1
1
1
1
1
1
1
1
1
1
1
1
1
1
1
1
1
1
1
1
1
1
1
1
1
1
1
1
1
1
1
1
1
1
1
1
1
1
1
1
1
1
1
1
1
1
1
1
1
1
1
1
1
1
1
1
1
1
1
1
1
1
1
1
1
1
1
1
1
1
1
1
1
1
1.0092320767804739
1.0149019418631078
1.0091684046448035
1.0147706574288433
1.010801531455813
1.0117139761282727
1.013567464405568
1.0100305498626396
1.0145790979709495
1.007681631005702
1.0127227645281165
1.0111151628947057
1.0120845289005012
1.0133579336239702
1.0066201426467896
1.0125824702820665
1.008015914084558
1.0128724226692476
1.011644724283641
1.0093973857672902
1.0117099969682346
1.0052327159384158
1.0126727967852729
1.0096001619479975
1.0112023347769552
1.010291731985376
1.007961541059941
1.0117194380496513
1.0063475541367726
1.0121830810236263
1.008358899546332
1.009514175567764
1.009945798078846
1.0072921377141058
1.0120658700758165
1.0060501362307777
1.0102620705662768
1.00783039969235
1.0084825382671467
1.010005530379862
1.006953791393346
1.0105927673575903
1.005639222732513
1.009137186119951
1.007795974607182
1.007830458031946
1.0101595600203923
1.0053044379599725
1.0095040669549153
1.0056454469815443
1.008349066100783
1.0078453015327054
1.0071842232804287
1.009801596949458
1.0040311955846914
1.0087541048162916
1.0057676025916518
1.007607175822444
1.0077062588208379
1.006279423796074
1.0091283390261683
1.003939500227742
1.0079679517072835
1.0056463727870208
1.0066272404954264
1.0072051988917965
1.0050482194354076
1.0085564213847287
1.004188857335875
1.007285085208517
1.0055316700818093
1.0056900047144604
1.0066352200190603
1.003780592298178
1.0074509512248506
1.0046167705156965
1.0068166050041378
1.0055287550731509
1.004908767227278
1.006137696591453
1.002637273480837
1.0064031730215162
1.0040594561306002
1.0062871516902807
1.005758552676114
1.0044203792172883
1.0058733885461433
1.001793158120569
1.0056120654777907
1.0036224865955048
1.0049445211575352
1.0051110433329427
1.0038434064522592
1.005999915941641
1.0023220286501107
1.005256578238231
1.0035868610239254
1.0040990664411862
1.0044501518071467
1.0025078161139294
1.0048914296253002
1.0022211698099817
1.0048921426992992
1.0040836168057024
1.0038925118705695
1.004412050767234
1.0018878606300772
1.0043114512932194
1.0019454228932265
1.0037824845681367
1.0031668727729435
1.0028147240049603
1.003958026635658
1.0013998016625143
1.0043092234862767
1.0024421783832873
1.0035462601403784
1.0031164834515802
1.0021571174814738
1.0033794140707735
1.0004386589428524
1.0032255551602074
1.0018119297622845
1.0026513871732476
1.0027703904828051
1.0016547252231494
1.003310670875303
1.0010207972348177
1.003167863271193
1.0019660934815922
1.0021988480402306
1.0024397502789395
1.000837789333736
1.0025226772474263
1.0004812417256346
1.00221559619216
1.0015178686799302
1.0015202338402012
1.0021683939193085
1.0004394164539494
1.0024345489954134
1.0009048645344005
1.002128491069017
1.0015872202636928
1.0011018653818764
1.0018280618670325
0.9997208016599554
1.0017134394043872
1.0003795092850807
1.0012471002419803
1.0010987838876162
1.0004335436759764
1.0014709821374308
0.9994366640663476
1.0015004268113432
1.0005778259372495
1.001191974314173
1.0012309452985022
1.0001765821378998
1.0012584838144556
0.9994341949683013
1.000969744022707
1.0001963469232373
1.000369605261233
1.0006472303642266
0.9994632795402975
1.0007916505017749
0.9993655939352933
1.000634743208015
1.0001986843424961
1.0001808261368437
1.0007340005747158
0.9993609556396311
1.0006981249093183
0.9994226066099722
1.0002485151358076
0.9999119422294849
0.9995254826934296
1.0001287021025012
0.9985336564024438
1.0000776908007467
0.999136813074877
0.9997635247419198
0.9997127718331575
0.9991906758590413
1.0000323192212761
0.9985530125142039
1.00000577005779
0.9991843861423929
0.9994519777809694
0.9994796844679119
0.998656518184091
0.9995361651583333
0.9981956368732322
0.9993576078251006
0.9988249776450794
0.9989477193840646
0.9992273615471251
0.9983097685152481
0.9994063166886885
0.9983706390529209
0.9992613954348593
0.9988158849167837
0.9986311391546476
0.998966716077102
0.9977852526324206
0.9989076846392588
0.9979748135701498
0.9986414457395002
0.998456890433041
0.9981702873363633
0.9987414448694143
0.9974964082442194
0.9988312815685256
0.998049012220152
0.9984098115719254
0.9982906758062433
0.9977311941463484
0.9983455948109152
0.9970704295379113
0.9982158097066349
0.9976393956230107
0.9979031509545816
0.998035083916999
0.9974091289197341
0.998259824520385
0.9971103765427033
0.9979576370161996
0.9974503812098308
0.9974405320830977
0.9976261131804118
0.9967495561401347
0.9976393485988141
0.9967257517520862
0.9974917988175761
0.9972509633634147
0.9971848802663548
0.9974601811232252
0.9963404749068259
0.9972694606950786
0.9964267708726353
0.996925174165205
0.9967449749227515
0.9964261718228429
0.9969152464058105
0.9957667322100235
0.9969581198615723
0.9962785361990881
0.9965227953695398
0.9964012887975991
0.9958437033622983
0.9963904053491759
0.9952604198730607
0.9962498188753749
0.995760267345493
0.995981709977323
0.9961469678770177
0.9953565046605437
0.9959554865272857
0.9948979408045104
0.9956423985147141
0.9952211544120962
0.9952102068694748
0.99543874051059
0.9946604772586358
0.9955539070125106
0.9945800584330026
0.9950899975635815
0.9947383598532127
0.9945053157709444
0.9947998224443871
0.9938124146689098
0.9947682078321625
0.9941087317311402
0.9945420909689972
0.9942523366590648
0.9937965409518142
0.9941467937971125
0.9929492516013996
0.993955206993729
0.9933667330950823
0.9936821950733279
0.9936735586210066
0.9930157519780651
0.9934373066695077
0.992321715043798
0.9931266286824877
0.9926261562254052
0.9927454166164208
0.9928737758387801
0.9922018087699156
0.9926989759836473
0.9916801660493447
0.9922881895399392
0.9918818525333076
0.9918189988928917
0.9920380586594137
0.9912965280437698
0.9919263366068797
0.9910116510380501
0.9914371431621346
0.9911317148918718
0.9909021736100004
0.9912181783036303
0.9903269635202026
0.9911247573075133
0.9903219209143124
0.9905803271440082
0.9903828841811353
0.9900031828804308
0.9904225311744377
0.9894343297979528
0.9903077059583628
0.9896246999277194
0.9897326210587618
0.989650451813883
0.9891321731808351
0.989641123261516
0.9887705935466068
0.9894188389870033
0.9888324941482072
0.9887746907766297
0.9887821601255996
0.988123347065907
0.9887344463212091
0.9879952101971313
0.9884074229614506
0.9879522873228577
0.9877754252183637
0.9879083426367129
0.9871498946220827
0.9878799892660103
0.9871506294028526
0.9874322406316692
0.987115588349727
0.9868376718329241
0.9871027600763181
0.9862628344508025
0.987086384780298
0.9863475940884351
0.9865267369015284
0.9863553650895621
0.9859941333668611
0.9863977088210484
0.9855638002149179
0.9861988307195105
0.9856046878455909
0.9856654795299935
0.9856024295765333
0.985132992760643
0.9856358460881358
0.9846968622775325
0.985177550553979
0.9847172973519245
0.9846974197858317
0.9847880182100288
0.9842666965385837
0.9846769625319405
0.9838448318887812
0.9842526001334112
0.9839584433571503
0.9838845454171342
0.9841350370991389
0.9833063703602979
0.9838016433982758
0.9831477100147029
0.9834992077606347
0.9833765149617609
0.9832329029759862
0.9833406357572961
0.982452193162161
0.9830481449690275
0.9825271752693739
0.9827852264748128
0.9826709644601453
0.9821813233215442
0.982405492337688
0.9815591798609881
0.9822170081739628
0.9818805468497768
0.9818858989116309
0.9817625204300063
0.9812594097223195
0.981651644466005
0.9809999402858143
0.9815720630458407
0.981124387996374
0.981038579411589
0.9810941581615495
0.9805908783220965
0.9811549975488185
0.9804956922569453
0.9807605568310979
0.9804471038133237
0.9803016052956718
0.9804809709338673
0.9798584428538668
0.9802422043951413
0.9796335631373192
0.9798799085252625
0.9797545543823615
0.9796159191818706
0.979720593039812
0.978901227420713
0.9794596029148331
0.9790494832457678
0.9793006709647705
0.979205054334296
0.9787929179952773
0.979047305734578
0.9783709921622997
0.9789600830590399
0.9786328287125337
0.9785582881578371
0.9784663812736885
0.9780211391544221
0.9783986676651603
0.9778522334732375
0.9781386819249679
0.9777811073691881
0.9777201083291128
0.9778218030567343
0.9774129560729682
0.9777269926911615
0.9771206914986994
0.9774279237430618
0.9772711314089418
0.9772432188498428
0.9773303326092749
0.9766783312827438
0.9771019247245848
0.9766599574853753
0.9769366995839216
0.9767374948572152
0.9764057400739273
0.9765502079778395
0.9758912277517171
0.9764827775181014
0.9760675835619338
0.976099048186375
0.976001402771083
0.9757171277131343
0.9760574333038518
0.9754309308319286
0.975811448695425
0.9754862913832844
0.9755558103398527
0.9756494030991426
0.9752459280718493
0.9754403584263919
0.974836908049536
0.9751905994214295
0.9750064080534705
0.9749095785542824
0.9748765532650949
0.9743690527546509
0.9747592929401011
0.9743670293304258
0.9745979411576892
0.9743508109720821
0.9741979818088586
0.9743655419679359
0.9739233666105039
0.9743165809394746
0.9738676794009186
0.9740102865253507
0.9739064958326628
0.973752599122062
0.9738301068882048
0.9731274082173214
0.9735735891465893
0.9732669839049057
0.973447517344421
0.9732866716584475
0.9729332468817988
0.9731694605906898
0.9726771843981756
0.9731485083127456
0.9727908952614132
0.9727747275588181
0.9728122676209998
0.9725163473653332
0.9728087268841892
0.9722107508343866
0.972450542616271
0.9722315556036776
0.972214992704363
0.9722546966885645
0.9717240523190789
0.972032215836505
0.9716366494924616
0.9719429288699118
0.9717442078167589
0.9715460255170583
0.9716654267537583
0.9712129576187307
0.97171933477882
0.9712858234247007
0.9713572960541035
0.9712274755168491
0.9710358524214492
0.9712294429299053
0.9705607953690671
0.9709245340621404
0.9706262771501969
0.9707536551345048
0.9707052942472378
0.9703448475149863
0.9705480608436969
0.9700894618103268
0.9705261836146
0.9702412535052495
0.9701857048147849
0.9701952517450776
0.969884267868766
0.9701936009332434
0.9696302967583983
0.9698249502593582
0.9696250092657009
0.9695924219368186
0.9696587568743249
0.9691525529019438
0.969441113611333
0.9690862398827905
0.9693593390450028
0.9691871533247978
0.968994862831686
0.9691190252313736
0.9686961557932667
0.9691142683715045
0.9686771080957268
0.9687240304800335
0.9686207055250887
0.9684428830952617
0.9685952764281673
0.9679953564590252
0.9683326248603954
0.9680810075283943
0.968206049147257
0.9681188322421389
0.9677907463477655
0.9680077147372961
0.9676140515257937
0.9679792935017008
0.9676822534711335
0.9676087397496915
0.9676028858065646
0.967293369165727
0.967508508287214
0.9670177243896787
0.9672133303292473
0.9670641936154372
0.9670542949284836
0.9670294047669226
0.9665771662897094
0.9668875022948386
0.9666008402029184
0.9668000634599255
0.9666223876234644
0.9664450425869643
0.9665516923856999
0.9661353471502883
0.9663943111893463
0.9660112291607924
0.9660770905405145
0.9660297154418652
0.96585144630216
0.9659151394357239
0.9654030440228545
0.9657524370759623
0.9655714662349956
0.9655847744852981
0.9655106198236468
0.9652311435341613
0.9654609690307587
0.9651067576490377
0.9652498178093841
0.9649730454570885
0.9649192182409468
0.964972910878509
0.9646101297944681
0.9647727303194988
0.9643702132725079
0.9645976221506336
0.964521212580123
0.9643440632230869
0.9643723483784122
0.963990762061914
0.9643397475781488
0.9640343340270561
0.9640724573760738
0.9639008375699303
0.9637358766219644
0.9638899882344713
0.9633384822170817
0.9635995133124637
0.9633049652347628
0.9634189579563788
0.9633665754670007
0.9630749764665743
0.9632049155180147
0.9627915974908183
0.9631784333767117
0.9628988169598877
0.9628462903010194
0.9627866950714142
0.9625236654092864
0.9627072553556822
0.9622061211535082
0.9623932414716468
0.9622055105470038
0.9622133164543848
0.9621664351802551
0.961774438409196
0.962005109092634
0.9617004460869754
0.9619133384688504
0.9617059091869773
0.9615676293607968
0.96162591134847
0.961279175143724
0.961459399405122
0.9610668702002918
0.9611502737125522
0.9610673823762441
0.9609095529041913
0.9609259340267728
0.9604394197645146
0.9607700533580417
0.9605724498066655
0.9605758494294916
0.9604739733673279
0.9602501444059082
0.9604229265778421
0.9600107799401468
0.9601688898071191
0.9598832268255032
0.9598686332035479
0.9598894204066692
0.959524558436587
0.9596434165556028
0.959248453791731
0.9594967701640166
0.9593286081523577
0.9591980570932173
0.9592002975362625
0.9588913987297463
0.9591756688207383
0.9587641615268895
0.9588333692872476
0.9586530860262533
0.9585453703977321
0.9585828440936679
0.9580961383312571
0.9583161426219008
0.958027894020244
0.9581815690824552
0.9579978815814638
0.9577763675881034
0.957881060742242
0.9574874742997822
0.9577826808681668
0.957462905121812
0.9574499250450926
0.957373549604991
0.9571739457796483
0.9571929080242226
0.9567163954620249
0.9569406932852004
0.9567575551795111
0.9567076040517074
0.9566161854104319
0.9563075215412873
0.9565141514999413
0.9562078244981643
0.9563130919096223
0.9561045068009214
0.9560144391083499
0.9560408801286543
0.9556286521440258
0.9557485623431309
0.95537738559893
0.9555123871335905
0.9553952945769524
0.9551680010422459
0.9551789608340922
0.9547859722405014
0.9550928998804784
0.9547618879183553
0.9547849707635092
0.954685216663124
0.9545220909549322
0.9545918652193145
0.9540399605749799
0.9542444697968779
0.9539774820653033
0.9540263755258889
0.9538804289054453
0.953569446263464
0.9536813681443751
0.9533149639157553
0.9535336736185562
0.9532532290321897
0.9531944220918416
0.9532006082015383
0.9529676484818522
0.953005013151064
0.9525572388184602
0.9526765448753896
0.9525118355160466
0.9523753018240153
0.952298879338786
0.9519064500879777
0.952117991447086
0.9518395305040814
0.9518546245207556
0.9516760248367212
0.951534609703662
0.9516412475199464
0.9512123593844525
0.9513432355705244
0.9510008614601488
0.9510382613450277
0.9509343555776134
0.950621206250342
0.9506444444484906
0.9502029135382818
0.950482224675504
0.9501692377688619
0.950102167312825
0.9500237933437702
0.949801616871354
0.949941391638702
0.9494869541298997
0.9496039903345954
0.9493646389173872
0.9493227030191248
0.9491813504018756
0.9487887884731201
0.9489102436414539
0.9485695403155429
0.9486745099104874
0.9484167436071661
0.9482692468006383
0.9482895897488829
0.947978725597587
0.9480883222918215
0.9477341695506031
0.9477809249202787
0.9476423880023459
0.9474032959731461
0.9473419867828444
0.9468714715887292
0.9470897678643453
0.9468106297875651
0.9467350652582354
0.946575582887109
0.9463491444555278
0.9464667716244373
0.9459845308567904
0.94614570123716
0.9458900670158724
0.9458670867594339
0.945761032074633
0.9453739222513753
0.945408989700763
0.9449934835507623
0.9451754240714245
0.944855276169258
0.9447009283190607
0.9446382026828176
0.9443340483503484
0.9444521906123557
0.9440243509480364
0.9441059421988328
0.9439473196721326
0.9438397949654912
0.9437070140078744
0.9432452009899115
0.9433753386939919
0.9430568116523239
0.9430353646018708
0.9427970901296183
0.9425650945304774
0.9425976458207048
0.942171369570386
0.9422902217254343
0.9419586065593845
0.9419617629346426
0.9418986349309633
0.9415834309423883
0.9415454822060256
0.941067043862541
0.9412333942594415
0.9409345078192043
0.9407719144278088
0.9406281341640195
0.9403193722053279
0.940445733714734
0.9399477072550406
0.940016077168834
0.9397791014535964
0.9397047503232858
0.9396293236963146
0.9392131538435381
0.9392681587029338
0.9388842651775787
0.9389459905307249
0.938630191354902
0.9383907436083151
0.9383399065303871
0.9379551272133019
0.9380368076565293
0.9376301429685594
0.9376208927918048
0.9374769181139025
0.9372660395743262
0.9372034304160851
0.9367199062501459
0.9368660148537137
0.9365747498255416
0.9364219427486324
0.9361980824735867
0.9358823769854028
0.9359228866160689
0.9354425689922182
0.9354957936772417
0.9351810545300591
0.9350948202225734
0.935027360248575
0.9346160761790978
0.9346439681012058
0.9342400067355082
0.9343289986118833
0.9340062050010275
0.9337614965286557
0.9336278951027241
0.9332364057194272
0.9333201619602476
0.9328384817505792
0.9328144437579156
0.9325899527859494
0.9324271733043428
0.9323107316884945
0.9318233247057534
0.9319400576862504
0.9316262858787953
0.9315681819683831
0.931273548287658
0.9309537094428298
0.9309086632633973
0.9304395567144434
0.9304750565951416
0.9300823941912523
0.9299814586353818
0.9298454710426982
0.9294968112585359
0.9294395613025517
0.9289596958859464
0.9290802045953614
0.9288196279788997
0.9285899336014575
0.9283818015291012
0.9279867558921022
0.9280285002281917
0.9275095774179474
0.9274676993007581
0.9271622168770938
0.9269846149221065
0.9268682999789132
0.9263728291514154
0.9264013857075596
0.9260086004777255
0.9260517118572436
0.9257401585271938
0.9254419055061293
0.9253182928872756
0.9248478647173201
0.924875738512123
0.9244042597038965
0.9242852300069045
0.9240651493603698
0.9237854863473596
0.9236422925981292
0.9230854403407199
0.923183123676564
0.9228755819242533
0.9227108792635556
0.9224773095421158
0.9221108886851487
0.9220697621968836
0.9215604155735814
0.9214976216085768
0.9211100982239
0.9209139518366406
0.9207773094532827
0.9202846715779731
0.9202240186263103
0.9197509945906764
0.9197707706557904
0.9194573105713328
0.9191680329713154
0.919016898802239
0.9185827189636935
0.9186048608839237
0.9180581202340294
0.9179181427503612
0.9176125903857876
0.9173393324568013
0.9171632040614615
0.916578915091009
0.9165987280959281
0.9162075140175552
0.9161004019457274
0.9157813490705283
0.9154143842295315
0.915343563212092
0.914868129814232
0.9148069167792222
0.9143393991976568
0.9141217625818997
0.913896069429921
0.9134650472760361
0.9133135353669074
0.9127585757331909
0.9127506612816311
0.9124296987429293
0.912119004972269
0.9118786853035945
0.9114339308799283
0.9114412119152803
0.9109331368830527
0.9107784470648842
0.9103879559609764
0.9100922153573338
0.9099030934576033
0.9093015094874046
0.9092266165631917
0.9087497328628066
0.9086627853730447
0.9082852364830553
0.9078959224275887
0.9077321187689903
0.9072095382540654
0.9072199729374628
0.906727990254258
0.9065023603511546
0.9061864868922456
0.9058093200438159
0.9055644647003147
0.9049251765659723
0.9048844006575971
0.904483329296214
0.904212997790631
0.9038811779967474
0.903413061508399
0.9033233595779742
0.9028054550659043
0.902673037997271
0.9022552655293479
0.9019588576356325
0.9017155271151385
0.901126558908237
0.9009541915072175
0.9003890242088922
0.9002678445893957
0.8998748526540736
0.8994580904788446
0.8991987312093865
0.8986515614831865
0.8986332107436058
0.8980561116920371
0.8978413040404665
0.8974939832878394
0.8971264145179794
0.8968575251638154
0.8961544704918585
0.8960520296211982
0.8955586430661976
0.8953292389389582
0.8949029056974596
0.8944056641185092
0.894215736537426
0.8936410988306036
0.8935121674270113
0.8930019230920693
0.8927052211665739
0.8924259533030957
0.8919279818757214
0.891654819277085
0.8909984064719811
0.8908368538283529
0.8904122766016961
0.8899709132807772
0.8896122740528387
0.8890344946606608
0.8889113031748246
0.8883159594251412
0.8880634953473671
0.8876208195900595
0.8872420304051648
0.887006228072051
0.8863270214157903
0.8861187564068185
0.8855293478614892
0.8852850818111918
0.8848064310122616
0.8842736271542992
0.8839796992687902
0.883321046915357
0.8832093091590871
0.8826027269870726
0.8822671750073039
0.8818893217641023
0.8814284620812358
0.8811252121629228
0.8804311040551432
0.8802253852292052
0.8796998789099104
0.8792895899140413
0.8788277883834801
0.8782126682106467
0.8779802340982038
0.8773595768810033
0.8770603107112594
0.8765159817080939
0.8760960819737821
0.875779179759784
0.8751232887087963
0.8748635509945443
0.8742304390109142
0.8739478324010118
0.8734369975416979
0.8728612549001283
0.8724586969008905
0.8717606474764037
0.871585958654639
0.870898214249391
0.8705135229640246
0.8700287564611907
0.869524480108031
0.8691891435494624
0.8684027676897228
0.8681959907353815
0.8676208375569326
0.867249335023804
0.8666782046929815
0.86601740122099
0.8656706908637029
0.8649627537118042
0.8646642517632719
0.8640138081504579
0.8635421408164462
0.8631121690724979
0.8624824418698444
0.8621157486996951
0.8613863895737753
0.8610904039453339
0.8605677237194109
0.8599916387725015
0.859475121891592
0.8587298129192672
0.8584347062892663
0.8577110787543522
0.8572683632595577
0.8566710295750407
0.856112432543346
0.8557294684681218
0.8548946608279044
0.8545776092859891
0.8539010435405352
0.853516069014806
0.8529436526751596
0.8522624622583042
0.8517952484856005
0.8509779017121587
0.8506819635483692
0.849919989743351
0.8493879327223408
0.8488397523776492
0.8481932732905156
0.8477337614903837
0.8468942263379597
0.8465405153451666
0.8459128861102921
0.8453752935658173
0.844789635576679
0.844026950203635
0.8436043492825557
0.8428351467173262
0.8423245793098055
0.8416091247476662
0.8409867452435675
0.8404831029186338
0.8396554495862518
0.8392093716354666
0.8384164278453421
0.8379698900554144
0.8373573481928243
0.8366377477149388
0.8360926251406172
0.8352471348144637
0.8348643961441535
0.8340181398365278
0.8334147612897986
0.8327412890504801
0.8320277338149982
0.8315057178522113
0.8305503104404239
0.8301174856875645
0.8293663906333028
0.8288260220174144
0.8281329276714519
0.8273237848021507
0.8268142072079787
0.8259691638292245
0.8254502145053976
0.8246097069591029
0.8239124120393428
0.8232757922996836
0.8224462468656988
0.8218634976458132
0.8209474464229881
0.8204177542478747
0.8197032960536133
0.8189537670719753
0.8182905602756847
0.8173915419663361
0.8169119170174423
0.8160495835276171
0.8153736865552058
0.8145672978931299
0.8137750383326152
0.813169637704686
0.8121296337430353
0.811575793274921
0.8106937306010288
0.8100658765298308
0.8093026285069093
0.8084202622165215
0.8077858426376421
0.806829573479469
0.8063219331085816
0.8053914015135902
0.8046231572756445
0.8038454042611728
0.8029578204280464
0.8022710089078404
0.8012242006407597
0.8005976119040263
0.7997433266505495
0.7989689372246661
0.7981618461614717
0.7971828638445648
0.7965707843047704
0.7956425703629623
0.7949188622524636
0.7940123537799813
0.7931500357944612
0.792393954345381
0.7913350920066433
0.7906260707946209
0.7896045443261874
0.7888750467504023
0.7880287712174203
0.7870548682819527
0.7862673646058931
0.7851912882430997
0.7845948618652318
0.7835883372700897
0.7827500429467017
0.7818607923916094
0.7809026394794664
0.78012044223049
0.7789342161582634
0.7781958488454124
0.7771930838250246
0.7763589298788371
0.7754157184238855
0.7743408910595928
0.7735654817835782
0.772490658775647
0.7717353445818672
0.77070057383132
0.7697600282203882
0.7688809186326058
0.7678156059467508
0.7669402333528181
0.7657696873129964
0.7649224071829356
0.7639312193283984
0.7628976542708038
0.7619460729515863
0.7607692338682297
0.7599980605764286
0.7588987386733177
0.7579595548578762
0.7569334110572702
0.7558899161374905
0.7550133230174947
0.7537404318404247
0.7528656950984313
0.7517033780477191
0.7507453348069102
0.7496963906991785
0.748509422177249
0.7475583240392452
0.7463263783081651
0.7454975643172952
0.7443006008017683
0.743250547216162
0.742224886625279
0.7410772103372868
0.7401077720776807
0.738811197020274
0.7378322238143182
0.7366700408108748
0.7355688166280149
0.7344407053015352
0.7331463040069995
0.732186909318083
0.7309551305479417
0.7299034397517916
0.7287032552552123
0.7275403956505724
0.726506333316432
0.7251984468975567
0.7241654571991335
0.7228639285312581
0.7217717111406279
0.7205994040341803
0.7192821394478559
0.718141666304785
0.7167409112725182
0.7157611605302102
0.7144412844628703
0.7132478136944493
0.7120353339946398
0.7107581128557975
0.7096801220754533
0.7082409674407921
0.7071344579335236
0.7058187749210592
0.7046107784603334
0.7033188117106561
0.7018877104360132
0.7007248381934171
0.6993115437361116
0.698156346158235
0.6967685198252527
0.6954551029402578
0.694220236943171
0.6928270468994268
0.6916212895438698
0.6901660082492677
0.6889368587658024
0.6875969443881444
0.6861981637861079
0.6848527833472063
0.6833064424637644
0.6821102077088844
0.6806531457301946
0.6792938643796017
0.6778793792868779
0.6764441324100033
0.6751759004395643
0.6735804722798158
0.6723247943530135
0.6708430017248825
0.6694893629396865
0.6680703420785253
0.6665001971800368
0.6651167085694919
0.6635072718984274
0.6622122095969512
0.6606268215915655
0.6591390832841714
0.6576865507338963
0.6561278493727841
0.6547488214841697
0.6530937843595935
0.6517025782459438
0.6501828922910496
0.6486861345970096
0.6471444576382787
0.6454539683226531
0.6440199633960825
0.6423724784830478
0.6408528088237958
0.6392192553768602
0.637601292448865
0.6360983351320689
0.6343757124906939
0.6328868717748862
0.6311893035686761
0.6296596806687897
0.6280896552610918
0.6263753255555029
0.6247764347391691
0.6229778989276622
0.6214655503379651