1
1
1
1
1
1
1
1
1
1
1
1
1
1
1
1
1
1
1
1
1
1
1
1
1
1
1
1
1
1
1
1
1
1
1
1
1
1
1
1
1
1
1
1
1
1
1
1
1
1
1
1
1
1
1
1
1
1
1
1
1
1
1
1
1
1
1
1
1
1
1
1
1
1
1
1
1
1
1
1
1
1
1
1
1
1
1
1
1
1
1
1
1
1
1
1
1
1
1
1
1
1
1
1
1
1
1
1
1
1
1
1
1
1
1
1
1
1
1
1
1
1
1
1
1
1
1
1
1
1
1
1
1
1
1
1
1
1
1
1
1
1
1
1
1
1
1
1
1
1
1
1
1
1
1
1
1
1
1
1
1
1
1
1
1
1
1
1
1
1
1
1
1
1
1
1
1
1
1
1
1
1
1
1
1
1
1
1
1
1
1
1
1
1
1
1
1
1
1
1
1
1
1
1
1
1
1
1
1
1
1
1
1
1
1
1
1
1
1
1
1
1
1
1
1
1
1
1
1
1
1
1
1
1
1
1
1
1
1
1
1
1
1
1
1
1
1
1
1
1
1
1
1
1
1
1
1
1
1
1
1
1
1
1
1
1
1
1
1
1
1
1
1
1
1
1
1
1
1
1
1
1
1
1
1
1
1
1
1
1
1
1
1
1
1
1
1
1
1
1
1
1
1
1
1
1
1
1
1
1
1
1
1
1
1
1
1
1
1
1
1
1
1
1
1
1
1
1
1
1
1
1
1
1
1
1
1
1
1
1
1
1
1
1
1
1
1
1
1
1
1
1
1
1
1
1
1
1
1
1
1
1
1
1
1
1
1
1
1
1
1
1
1
1
1
1
1
1
1
1
1
1
1
1
1
1
1
1
1
1
1
1
1
1
1
1
1
1
1
1
1
1
1
1
1
1
1
1
1
1
1
1
1
1
1
1
1
1
1
1
1
1
1
1
1
1
1
1
1
1
1
1
1
1
1
1
1
1
1
1
1
1
1
1
1
1
1
1
1
1
1
1
1
1
1
1
1
1
1
1
1
1
1
1
1
1
1
1
1
1
1
1
1
1
1
1
1
1
1
1
1
1
1
1
1
1
1
1
1
1
1
1
1
1
1
1
1
1
1
1
1
1
1
1
1
1
1
1
1
1
1
1
1
1
1
1
1
1
1
1
1
1
1
1
1
1
1
1
1
1
1
1
1
1
1
1
1
1
1
1
1
1
1
1
1
1
1
1
1
1
1
1
1
1
1
1
1
1
1
1
1
1
1
1
1
1
1
1
1
1
1
1
1
1
1
1
1
1
1
1
1
1
1
1
1
1
1
1
1
1
1
1
1
1
1
1
1
1
1
1
1
1
1
1
1
1
1
1
1
1
1
1
1
1
1
1
1
1
1
1
1
1
1
1
1
1
1
1
1
1
1
1
1
1
1
1
1
1
1
1
1
1
1
1
1
1
1
1
1
1
1
1
1
1
1
1
1
1
1
1
1
1
1
1
1
1
1
1
1
1
1
1
1
1
1
1
1
1
1
1
1
1
1
1
1
1
1
1
1
1
1
1
1
1
1
1
1
1
1
1
1
1
1
1
1
1
1
1
1
1
1
1
1
1
1
1
1
1
1
1
1
1
1
1
1
1
1
1
1
1
1
1
1
1
1
1
1
1
1
1
1
1
1
1
1
1
1
1
1
1
1
1
1
1
1
1
1
1
1
1
1
1
1
1
1
1
1
1
1
1
1
1
1
1
1
1
1
1
1
1
1
1
1
1
1
1
1
1
1
1
1
1
1
1
1
1
1
1
1
1
1
1
1
1
1
1
1
1
1
1
1
1
1
1
1
1
1
1
1
1
1
1
1
1
1
1
1
1
1
1
1
1
1
1
1
1
1
1
1
1
1
1
1
1
1
1
1
1
1
1
1
1
1
1
1
1
1
1
1
1
1
1
1
1
1
1
1
1
1
1
1
1
1
1
1
1
1
1
1
1
1
1
1
1
1
1
1
1
1
1
1
1
1
1
1
1
1
1
1
1
1
1
1
1
1
1
1
1
1
1
1
1
1
1
1
1
1
1
1
1
1
1
1
1
1
1
1
1
1
1
1
1
1
1
1
1
1
1
1
1
1
1
1
1
1
1
1
1
1
1
1
1
1
1
1
1
1
1
1
1
1
1
1
1
1
1
1
1
1
1
1
1
1
1
1
1
1
1
1
1
1
1
1
1
1
1
1
1
1
1
1
1
1
1
1
1
1
1
1
1
1
1
1
1
1
1
1
1
1
1
1
1
1
1
1
1
1
1
1
1
1
1
1
1
1
1
1
1
1
1
1
1
1
1
1
1
1
1
1
1
1
1
1
1
1
1
1
1
1
1
1
1
1
1
1
1
1
1
1
1
1
1
1
1
1
1
1
1
1
1
1
1
1
1
1
1
1
1
1
1
1
1
1
1
1
1
1
1
1
1
1
1
1
1
1
1
1
1
1
1
1
1
1
1
1
1
1
1
1
1
1
1
1
1
1
1
1
1
1
1
1
1
1
1
1
1
1
1
1
1
1
1
1
1
1
1
1
1
1
1
1
1
1
1
1
1
1
1
1
1
1
1
1
1
1
1
1
1
1
1
1
1
1
1
1
1
1
1
1
1
1
1
1
1
1
1
1
1
1
1
1
1
1
1
1
1
1
1
1
1
1
1
1
1
1
1
1
1
1
1
1
1
1
1
1
1
1
1
1
1
1
1
1
1
1
1
1
1
1
1
1
1
1
1
1
1
1
1
1
1
1
1
1
1
1
1
1
1
1
1
1
1
1
1
1
1
1
1
1
1
1
1
1
1
1
1
1
1
1
1
1
1
1
1
1
1
1
1
1
1
1
1
1
1
1
1
1
1
1
1
1
1
1
1
1
1
1
1
1
1
1
1
1
1
1
1
1
1
1
1
1
0.9998831902717334
0.9998827553141191
0.9998815205656357
0.9998810612232863
0.9998799353793039
0.9998791142102602
0.9998784244819849
0.9998772054276689
0.9998766017619893
0.9998749680707784
0.999874359681417
0.9998731617047296
0.9998721340855188
0.9998711916734756
0.9998693132365539
0.9998688458645
0.9998671697855099
0.999866549430395
0.999865236277712
0.9998636827784168
0.9998627908107577
0.9998605959103339
0.9998603932636358
0.9998586484204459
0.9998575265948099
0.9998560678028287
0.9998542421666236
0.999853528254265
0.9998510953390461
0.9998505548565293
0.9998481702309402
0.9998466501455432
0.9998450571089124
0.9998426435645351
0.999841950536845
0.9998386565282907
0.9998377551225955
0.9998352319485246
0.9998333453547762
0.9998317868767069
0.9998287708689013
0.9998277261345762
0.9998240051038448
0.9998228209465999
0.9998201288091839
0.999817697333126
0.9998161768616367
0.9998118188363195
0.9998108832321179
0.9998067319426731
0.9998050870835109
0.9998021775216318
0.9997989485333758
0.9997973189657235
0.9997914660920355
0.9997907201396377
0.9997860346580332
0.9997837195037677
0.9997805871434374
0.9997761388739906
0.999773981950123
0.9997666317942335
0.9997652492593996
0.9997597019189608
0.9997560865313082
0.9997522991997385
0.9997461266075068
0.9997443860407512
0.9997361419739743
0.9997338401152178
0.999727436482867
0.9997223214179703
0.9997180654324611
0.9997097404688671
0.9997079151328533
0.9996992377667198
0.999695602901223
0.9996881839205962
0.9996810123205014
0.9996761659458759
0.9996649712192309
0.9996630271402479
0.9996528647308487
0.9996485980302641
0.9996405232216453
0.9996306096440022
0.9996250677987095
0.9996101404620362
0.9996080693618562
0.9995960298430074
0.9995892998768258
0.9995806186305901
0.9995685072598156
0.9995632446853716
0.9995454753321048
0.9995413609989634
0.9995271279975667
0.999517118567805
0.9995068915088166
0.9994902098863208
0.9994844977696266
0.9994650527076128
0.9994596448335049
0.9994445582894632
0.9994303316381731
0.9994183752397342
0.9993958903327417
0.9993893035583662
0.9993662189418481
0.9993570163625984
0.999339111473513
0.9993211077391471
0.9993090359287591
0.9992811305295483
0.9992755984230738
0.9992493543663273
0.9992352624373456
0.9992142539250836
0.9991894013503454
0.9991753168900734
0.9991388853638195
0.9991320666634342
0.9991022879427256
0.9990839857994825
0.999061697055201
0.9990305092825887
0.9990166117734317
0.9989762602815538
0.9989646472687334
0.998929885858863
0.9989037865459826
0.9988778898138313
0.9988362259034391
0.9988202458967638
0.998772959900663
0.9987563219041141
0.9987186129709693
0.9986854127425084
0.9986583927923729
0.9986067455294112
0.9985916619188393
0.9985398279039904
0.9985155918452336
0.9984721646684909
0.9984272061882881
0.9983963870325121
0.9983294376311076
0.9983126283702948
0.9982527271556582
0.9982200566884306
0.9981737371904106
0.9981177818560497
0.9980865648642717
0.9980073235343644
0.9979903638008648
0.9979257502151369
0.997884229883602
0.9978331979519478
0.9977603430183534
0.9977256592845982
0.9976351654253851
0.9976073095129193
0.9975339458057405
0.9974771250933651
0.9974227391035345
0.9973340267682089
0.9973006010642667
0.9972028739642483
0.9971665092475998
0.9970891864478876
0.9970192852671782
0.9969642854937624
0.9968554870848539
0.9968184053417356
0.9967074191862371
0.9966539634967609
0.996566542335578
0.9964741611294241
0.9964126474726169
0.9962777652561776
0.9962446462110552
0.996127372787006
0.9960613957422819
0.9959719255998968
0.9958617110273706
0.9958026813850466
0.99565181917884
0.9956148238968309
0.9954859840582778
0.9953984900730068
0.9953012515339563
0.9951631078949349
0.9951008361445224
0.9949348154801503
0.9948836418302157
0.9947518010626886
0.994648391642705
0.9945537852771201
0.9943938828161762
0.9943396638604423
0.9941694519391423
0.9941024296731066
0.9939610638839562
0.9938304753908558
0.993731314886905
0.9935372454503175
0.9934837019693922
0.9933008902172121
0.9932171529395974
0.9930793332477383
0.9929305864073529
0.9928413203359027
0.9926229282613795
0.9925859056339206
0.9923968668641935
0.9922880091813248
0.9921449666255601
0.9919639845220071
0.991875159021015
0.991634261392662
0.9915865828317947
0.9913993569550511
0.9912783960241206
0.9911486960154903
0.9909497227202702
0.9908815293145765
0.9906333948076186
0.9905638646000787
0.9903716886415957
0.9902218969405968
0.9900933114446342
0.9898584921674074
0.989797593271556
0.9895572466200848
0.989483925715693
0.9893106861949765
0.9891517300217623
0.9890315583321645
0.9887591208055133
0.9887087098881515
0.9884650391779987
0.9883674344073423
0.9881970921929562
0.9880073088154526
0.9879145155833445
0.9876279423695133
0.9876169742248558
0.9873844864751103
0.9872610620995599
0.9870971278150593
0.9868752989288208
0.9867951391127603
0.9865011150757387
0.9864782598962452
0.986267339543177
0.9861464105713904
0.9860229730731235
0.9857681292450846
0.9857036529421905
0.9854131076212195
0.9853701219010434
0.9851692927662101
0.9850226170192509
0.9849148817833268
0.9846603802984558
0.9846502724055224
0.9843691727327953
0.9843045617174183
0.9841170222108988
0.9839437528980701
0.9838551917481981
0.9835693851309883
0.9835843356825114
0.9833520338484515
0.9832841280761757
0.9831063019186752
0.9828982875079074
0.9828231873166247
0.982497460746003
0.9825301881127694
0.9823061374919816
0.982228265715649
0.9821023027022332
0.9818646792589857
0.9818134213038807
0.9815011723127189
0.9815168544366522
0.9813125544890617
0.9812127775643292
0.9811205460006978
0.9808850392649218
0.9808601488269384
0.980566201391549
0.9805631043667964
0.9803821440017179
0.9802606139702456
0.9801965404811459
0.9799536180122622
0.9799678167815845
0.9796961528565126
0.9796744735708357
0.9795203898142891
0.9793777368290384
0.9793450453918684
0.9790786995790639
0.9791415081975507
0.9788958301069057
0.9788562757915844
0.9787327569088857
0.9785700540033027
0.9785717239438632
0.9782902772278173
0.9783860511683378
0.9781699990334366
0.9781131675098268
0.9780231855158429
0.9778379473973915
0.9778643981045472
0.9776029276038581
0.9776564872079204
0.9774534327341002
0.9773598828261736
0.9772858801385483
0.9770662580433973
0.9771248614396073
0.9768912312356434
0.9769086920838778
0.976740392195269
0.9766307168979833
0.9765952810415991
0.9763586884208256
0.9764595636148934
0.9762328040657622
0.9762345983684536
0.9761048328604827
0.9759811260743303
0.9759878943325542
0.9757366920439864
0.9758759516007969
0.9756515921624405
0.9756421480958511
0.9755547956417033
0.9754194616161017
0.9754721919755042
0.9752259187345512
0.9753315579127737
0.9751412089958369
0.9751019783349265
0.975033144104596
0.9748612707600155
0.9749352358387213
0.9746489057035413
0.9747194216783672
0.9745560987782053
0.974502363381898
0.974481922724074
0.9743022783675912
0.9743663921039465
0.9741091775887158
0.9741746876980999
0.9740605158103092
0.974001972627752
0.9740341660290578
0.9737774889075326
0.9738775454018467
0.9736702293544419
0.9737337336137483
0.9736729511532435
0.9736035581551651
0.9736069442280969
0.9733333494559719
0.9734565116430232
0.9732711005985237
0.9733022868782392
0.9732332845038577
0.9730559153807518
0.9730852127031527
0.9728079775524068
0.972963492734813
0.9728353678390873
0.9728047490888566
0.9727410673196987
0.9725638946766516
0.9726535994931782
0.9724346957801016
0.9725799434242554
0.9724243309496619
0.9723752566493623
0.9723731040644604
0.9721996758575308
0.972354389036721
0.9721357106270342
0.9721856386098692
0.9720571699124356
0.9719783797236685
0.9720045858217954
0.9717780274798723
0.9718708236005846
0.9716510461280493
0.9717022019159043
0.9716384755166033
0.9715685638113534
0.9715811429987518
0.9712930387509761
0.9714549631229602
0.9713023510490155
0.9713660453363718
0.971319321205759
0.9711657554897998
0.9712376825559592
0.9709974163021405
0.9711730957287142
0.9710415329787967
0.9709894733073214
0.9709318282623901
0.970751322928093
0.970856905718254
0.9706434304707561
0.9707196461468817
0.9705741483710614
0.970530926731452
0.9705487312089899
0.9703846004031373
0.970479976030351
0.9702478343767311
0.9703426809796568
0.9702737948819243
0.9702499720958827
0.9702717186846235
0.97002149560533
0.9701551346021701
0.9699718898609158
0.9700490341642258
0.9699515166504508
0.9698029904901774
0.9698358240699565
0.9695657580143876
0.9697692315938286
0.9695933572465214
0.9695866988360591
0.9695339902697637
0.9694080404619767
0.9695259678195924
0.9692694173098704
0.9694053577282907
0.9692681907702241
0.9692829511551413
0.9693094570794106
0.9691345641136434
0.9691871690121477
0.9689220330880407
0.969040146338451
0.9689449705496578
0.9688839386860488
0.968852098941456
0.968625962816479
0.9687685892844823
0.9685914030608493
0.9686707686021605
0.9685555625176552
0.9684781544965333
0.9685374179449273
0.9683407997323016
0.9684966536294324
0.9682990878283881
0.9683392123733261
0.9682730225062163
0.9681836337896159
0.9681952546675028
0.9678709580915676
0.9680433014140959
0.9678917735551862
0.9679513238099076
0.9678652615923492
0.967693527423432
0.9677835661272552
0.9675521615193593
0.9677481535308433
0.9675782801641187
0.9675597583839294
0.9675682872780289
0.9674225561944467
0.9675321377827595
0.9672393752458219
0.9673254190969417
0.9672044514231656
0.9671751552598037
0.9671746803852559
0.9669105568445769
0.9670362132246538
0.9668362218947767
0.9669631000572875
0.9668567609804731
0.9667496478389572
0.9667946940294018
0.9665689273315564
0.9667988513974485
0.9665835419404046
0.9665967591084418
0.9665112731594914
0.966395079910099
0.9664671641625227
0.9661220052784246
0.9662787639120581
0.9661150345187133
0.9661587715492003
0.9661191932342644
0.9659252740913369
0.9660116777892637
0.9657705301488803
0.9659748062125865
0.9658218198413058
0.9657798494426839
0.9657708078102241
0.9655974769997046
0.9657305043204815
0.9654224835995151
0.9654987309979651
0.9653760204128197
0.9653383329356177
0.9653542467291192
0.9650751311466521
0.9652076509827341
0.965008160329161
0.965134623611514
0.9650317484934194
0.9649175837093459
0.9649715985402829
0.9647370960210346
0.964936350742106
0.9646851436180724
0.9646870061306083
0.9646099330212728
0.9644923486994742
0.964553687606346
0.9642113262793772
0.9643740254250147
0.9642206886092852
0.9642708118653778
0.9642082935333831
0.9640139142224089
0.9641190886937627
0.9638902204270777
0.9640756262711784
0.9638982372986054
0.9638369784951132
0.9638100095787211
0.963613852425188
0.9637115450526073
0.963415858023093
0.9635045173816777
0.9634017232184955
0.963376742251128
0.9633457328330944
0.9630722741988339
0.9632329154151494
0.9630549448864095
0.9631542550319147
0.9630402652325288
0.962921084329186
0.9629602860976545
0.9626976123595494
0.9628235037301014
0.9625786893640768
0.962594565978644
0.9625467115697564
0.9624216870639177
0.9624400529844865
0.9621203175771704
0.9623084798637618
0.9621854689394257
0.9621770939526714
0.9621190255769358
0.9619367605062871
0.962055096825434
0.9618250206268814
0.961886269109374
0.9616963399313033
0.9616399930314671
0.9616505461184651
0.961408936703426
0.961487212510099
0.9612228145576723
0.9613421236362363
0.9612779443184417
0.9611517983511826
0.9611534884939404
0.9609026918959341
0.9611015667921722
0.9608974802644525
0.9608974591605333
0.9607661961278474
0.960638516300194
0.9607114938589979
0.9603437733831063
0.9604854058822708
0.9602797889462693
0.960330839874211
0.9602790540323096
0.960075800106713
0.9601408849094855
0.9598614910340486
0.9600914115679235
0.9598984607676415
0.9598433706811844
0.959781000512284
0.9595874383282462
0.959681168052066
0.9593345793315841
0.9594320165238348
0.9592886872439221
0.9592719661545038
0.9592218829859053
0.9589468454890504
0.9590786815907443
0.9588615582178088
0.9589834605835483
0.9588314889088427
0.9587207364678949
0.9587365140375086
0.9584845439133748
0.9585784698093132
0.958293939278707
0.9583251949692285
0.958247574050105
0.9581196151099538
0.9581095493416205
0.9577629222343045
0.9579647054966329
0.957813086319288
0.9577966329830129
0.9577108832665394
0.9575405972956844
0.9576359986723467
0.9573351525521471
0.9574167217662345
0.9571973247412425
0.9571623392958398
0.9571531583230107
0.9568799260568871
0.9569394283430106
0.9566465486656596
0.956796395015526
0.9566607717369484
0.9565508617227185
0.956534294415005
0.9563013417577837
0.9564777572433738
0.9561712923781567
0.9561939907811136
0.9560426348149386
0.9559416517487545
0.955943797875324
0.9555783098159103
0.9557098921402528
0.9554848234599448
0.955571210282317
0.9554210481846959
0.9552438152261898
0.9552991083321843
0.9550009037059761
0.9551898677755156
0.954942315465882
0.954908239206899
0.9548275968018853
0.9546489912935844
0.9546049680490861
0.9542069020378724
0.9543727894475984
0.9542501620722043
0.9542048344806496
0.9541176056694698
0.9538729579518958
0.9540026011886454
0.9537606345105205
0.9538168168836434
0.9536456443894562
0.9535561774238975
0.9535487101372704
0.9532205242473432
0.9532830751681054
0.9529861996454023
0.9530608692182234
0.9529514774908167
0.9527607013581191
0.9527468417337155
0.952434538299925
0.9526406298089286
0.9523751033367219
0.9523718098653842
0.9522784053650875
0.9521344807096965
0.9521594045210977
0.9517206535984438
0.9518473718313205
0.9516224048087101
0.9516339663773197
0.9515006902712028
0.9512431556036945
0.9513047532638882
0.951006322723044
0.9511495621175111
0.9509169203643543
0.950851713649524
0.9508370155249488
0.9506390022784833
0.9506398712433245
0.9502722705215938
0.95033652383678
0.9501854356769136
0.950055642222035
0.9499729629141379
0.9496482808469985
0.9497871403138003
0.9495507188448821
0.9495398897065351
0.9493811733996737
0.9492508521165607
0.9493129486872721
0.9489611497257476
0.9490348765385701
0.9487430881348747
0.9487452223099059
0.9486387546235263
0.9483695361352757
0.9483628737718479
0.9479943793158797
0.948188299193764
0.9479208356479107
0.9478454106084941
0.9477622443415138
0.9475662657056743
0.9476550660769175
0.9472775835114964
0.9473427884256075
0.9471277797124659
0.9470677782988259
0.946930102952766
0.9465938630550194
0.9466646819118328
0.9463701840649515
0.9464289284265166
0.9462009459036269
0.9460603092770007
0.9460541292134449
0.9457843231682584
0.9458501570047774
0.945546638898178
0.9455580249872297
0.9454206618589145
0.9452022669831807
0.945126611482716
0.9447228066843458
0.9448723795303438
0.9446229981057677
0.9445373076407279
0.9443849999108174
0.9441785420913935
0.9442505950043495
0.9438382308365082
0.9439464069586649
0.9437180349570784
0.9436741729691032
0.9435614029973944
0.9432200551879591
0.9432216780838797
0.9428570752301562
0.9429791508458293
0.9426928632066937
0.9425416557219085
0.9424661827785025
0.9421932876982984
0.9422665382487075
0.9418930312023868
0.9419372205282723
0.9417851960736466
0.94167224591142
0.9415361247547318
0.9411290735550006
0.9412090800431923
0.9409197993858137
0.9408756228398778
0.9406532256129382
0.940435843162304
0.9404381578673564
0.9400605358526414
0.9401351375743353
0.9398366422220452
0.939816099137681
0.9397413732424552
0.9394550175436116
0.9393962529409331
0.9389705664907707
0.9390818676569569
0.9388054980995344
0.9386427528807055
0.9384964722630703
0.9382120753177687
0.9382929580813627
0.9378506388922471
0.9378836684983358
0.9376610454737923
0.9375750113110335
0.9374888540750133
0.9371148754095717
0.9371337999227692
0.9367830655138439
0.9368078379206721
0.9365143545506358
0.9362851222363048
0.9362160316047718
0.9358642565381335
0.9359080830186676
0.9355383023403732
0.9355057616219195
0.9353595926915179
0.935156445085219
0.9350800724810132
0.9346453566986967
0.9347421908978675
0.9344668064576577
0.9343088152788935
0.9340905498679246
0.9337936965411691
0.9338020574662702
0.9333648699413455
0.9333847596488714
0.9330899353047534
0.9329910202463948
0.9329089676258997
0.9325236569468134
0.9324896896064253
0.9320859716692826
0.9321610938045994
0.9318893463347804
0.9316668810154798
0.931524417321519
0.9311593360246032
0.9312051605272765
0.930762562883342
0.9307158359729444
0.9304962824433592
0.9303301185639015
0.9302047008294019
0.929757507406652
0.9298350268389967
0.9295391171669671
0.9294619130672908
0.9291782806975947
0.9288723237984005
0.9288057375205553
0.9283697474505107
0.92837388483181
0.9280049716534915
0.9278907239025327
0.9277465297284865
0.9274162973566376
0.9273414494612625
0.9268968269636122
0.926978270937933
0.9267262961044626
0.926498602927404
0.9262884247112095
0.9259139476426509
0.9259231451632742
0.9254396543207528
0.9253758523290945
0.9250806115562242
0.9248979386614241
0.9247698356403105
0.9243073369146775
0.9243075479293017
0.9239361282682652
0.9239498484731306
0.9236505963020215
0.9233610741642961
0.9232239999646074
0.9227798867986061
0.9227768918814624
0.9223316560753414
0.9221989923528815
0.9219772453035511
0.9217025378232101
0.9215494819533859
0.9210287833528079
0.9210904500362405
0.9207920097288294
0.9206206696210287
0.9203885089346749
0.9200366481089419
0.919972117363342
0.9194899516440308
0.9194060783010224
0.9190325920435505
0.9188301026810903
0.9186813818675543
0.9182140436189237
0.918133744040313
0.9176843537023001
0.9176766575144414
0.9173706587623001
0.9170862583919693
0.9169263448263277
0.9165117406962932
0.916503588109659
0.9159843491374902
0.9158306222106588
0.9155283559229737
0.9152551285299839
0.9150697610574304
0.9145166259621478
0.9145083124886297
0.914129670141634
0.9140073867399706
0.9136941843808108
0.9133376500495314
0.9132491752000756
0.9127949932961353
0.9127113955364295
0.9122604231161224
0.9120354892616247
0.911803656934968
0.9113856850493811
0.9112214203526388
0.9106913709777908
0.9106578585476909
0.9103405933713092
0.9100325176563195
0.9097888356297259
0.9093592931658264
0.9093412348925105
0.9088543896226368
0.9086857848599091
0.908302172911981
0.9080047813157445
0.9078048920901407
0.9072288251700296
0.907133472633008
0.9066715337567741
0.9065656806960899
0.9061947190670407
0.9058129427108795
0.905637731056866
0.9051344427282749
0.9051190278465518
0.9046439767421579
0.9044100249706202
0.9040925429921424
0.9037188682816815
0.9034666779247027
0.9028528090246748
0.9027882288590067
0.9023933137967801
0.9021183744665401
0.9017873109595039
0.9013309681848672
0.9012228708721625
0.9007210682220839
0.9005739491611559
0.9001645270918139
0.899864705544851
0.8996123375667683
0.8990413748411384
0.8988546624249295
0.8983059289763139
0.898166864235554
0.8977772949256103
0.8973656772266974
0.8970997856255895
0.89656801011114
0.8965252465078173
0.8959659778537317
0.8957413059901963
0.8953942402953103
0.8950272050492468
0.8947498419462051
0.8940703573203108
0.8939475106028566
0.8934626286907094
0.8932225101906391
0.8927999832853768
0.8923118327279006
0.892109646836861
0.8915503487223119
0.8914045060360485
0.8909046214506839
0.8906031033930784
0.8903180867506089
0.8898287702320673
0.8895460776261267
0.8889068689754607
0.8887284302608848
0.888305401716265
0.8878665827346348
0.8875051706423984
0.8869394991965132
0.8867979720355393
0.8862161377426939
0.8859542330540927
0.8855151108232714
0.8851355163632834
0.8848896333849844
0.8842290977021374
0.8840058051175917
0.8834264690731587
0.8831699128580072
0.8826943335308682
0.8821680294910172
0.8818655854755524
0.8812217447838645
0.8810902139013177
0.8804952690222477
0.8801542384034987
0.8797738371889224
0.8793155967986965
0.8790052553925638
0.8783282698696666
0.8781066366504504
0.8775849266674185
0.8771713267652226
0.8767095682345619
0.8761037778881691
0.8758578588503868
0.8752471338865114
0.87493852208944
0.8743996854499665
0.873977939072421
0.8736534431367707
0.8730096793570762
0.8727387377667494
0.8721162854460506
0.8718217644672577
0.8713118178004987
0.8707405686699915
0.8703328653595223
0.869646540289795
0.8694540936572129
0.8687775815218673
0.8683871256415996
0.8679024727766035
0.8673994119745585
0.8670561109862343
0.866286616385245
0.8660645460286981
0.8654944801163672
0.8651151629715053
0.8645461579666766
0.8638923537394685
0.863535986476325
0.8628378697369571
0.8625271866333585
0.8618834080125104
0.8614090534327652
0.8609745359348784
0.8603507175227334
0.8599762928096424
0.8592581460961919
0.8589507007269577
0.8584284150555898
0.857854004886496
0.8573350349845621
0.8565989125637318
0.8562901162588558
0.8555745004581659
0.8551257466467722
0.8545303777175306
0.8539718380210548
0.8535804785142251
0.8527594260530644
0.8524308501989236
0.8517605126767834
0.8513671784281641
0.8507954298174092
0.8501192380194204
0.8496453451029072
0.8488381841562064
0.8485276238444892
0.847773224861687
0.8472378925359606
0.846687437112111
0.8460433239361315
0.8455774862814045
0.8447493378501916
0.8443846382545837
0.8437588555376218
0.8432185425471764
0.8426321707859258
0.8418763771938241
0.8414435725996464
0.840679965643855
0.8401632201712659
0.8394509761442226
0.838827681951489
0.8383180812220781
0.8374987093072347
0.8370441927601726
0.8362581452477229
0.8358034619017245
0.8351901654682047
0.8344739884055078
0.8339245391076002
0.833087546748324
0.832691575788204
0.8318518456021947
0.8312446802319398
0.8305705953602821
0.8298581456891748
0.829329325668195
0.828385118832677
0.8279419071717006
0.827193763752176
0.8266477262279641
0.8259552235615993
0.8251512064018804
0.8246341654910934
0.8237953311117033
0.8232675356327401
0.8224310081413482
0.821731987325743
0.8210914260543485
0.8202656098247642
0.8196767986296278
0.8187679135673421
0.8182303153659142
0.8175153569414623
0.8167665587254911
0.8161008782735769
0.8152084112417395
0.8147186247742414
0.8138608191471169
0.8131807796343669
0.8123749250563289
0.811582699185617
0.8109704764049417
0.8099397970795248
0.8093772124304954
0.8084987677117108
0.807865171072948
0.8071012388763136
0.806222487777541
0.80558278068957
0.8046330105748732
0.8041147928651358
0.803188894029681
0.8024183515789869
0.8016381212927116
0.800752045305407
0.8000595559292543
0.7990198625333337
0.79838560885661
0.7975318410125211
0.7967551339633145
0.795946879751814
0.7949727463798414
0.7943529616585684
0.7934280463533874
0.7926996785333215
0.7917947306411909
0.7909316991982731
0.7901705386574728
0.789116791777664
0.7884010634703931
0.7873834618965031
0.7866481711363899
0.785800144132588
0.7848285403982919
0.784037323049738
0.7829670913026614
0.7823608934310234
0.7813579534910652
0.7805170551282077
0.7796266821011011
0.7786691497307641
0.7778808279428638
0.7767013632273093
0.7759555791194055
0.7749539836940061
0.7741156681840157
0.7731716565575939
0.7721001840321758
0.7713188664544365
0.7702475820304817
0.7694858194461524
0.7684532709645575
0.7675115117100793
0.7666289444104544
0.7655656757244189
0.764685116398208
0.7635185079040664
0.7626653900221381
0.7616728819254113
0.7606391379922243
0.7596849631765423
0.7585123303077307
0.7577333703045881
0.756636057160168
0.7556940006226573
0.7546676912739548
0.7536241698183074
0.7527421219454646
0.7514751611797839
0.7505933425954773
0.7494324423070617
0.7484699506808021
0.747419200864706
0.7462342825706376
0.745278602849735
0.7440501659053772
0.7432134777902438
0.7420189206768498
0.7409671741079401
0.7399392727239383
0.7387925530384875
0.7378181202979492
0.7365256451553502
0.7355408368482597
0.7343778638801927
0.7332741457557787
0.7321441824706519
0.7308525470807911
0.7298868615174567
0.7286563175162475
0.7276008286664872
0.726400945974741
0.7252374057543624
0.7241993086204629
0.7228945537935793
0.7218561358955067
0.7205564432667481
0.7194596349267645
0.7182846477905293
0.7169682751885259
0.715824146668348
0.7144266476711058
0.7134392105975932
0.7121204530703695
0.7109247388533781
0.7097106329006048
0.7084335083002067
0.7073505417935124
0.7059154922028489
0.704803452944827
0.7034876156128297
0.7022760836045127
0.7009820780012629
0.6995524618674538
0.6983843788424635
0.6969722914167594
0.6958117408759498
0.6944243123456174
0.6931094806359338
0.6918713617121542
0.6904789116466105
0.6892690218252909
0.6878158451882821
0.6865822385874327
0.6852404280384595
0.6838405697061022
0.6824921230974886
0.6809477130331396
0.6797449345986135
0.6782877344949166
0.6769256973474783
0.6755099092735908
0.674073913910892
0.6728010236598385
0.6712085851397223
0.6699477589115448
0.6684663141739957
0.6671091321610134
0.6656876053452955
0.6641180761127822
0.6627301053312226
0.6611216438870604
0.659820174270086
0.6582349856464292
0.6567451783640176
0.6552898635424129
0.6537309329924619
0.6523473593748864
0.6506941189129917
0.6492986305412676
0.6477777473057188
0.6462333416130166
0.6445977086276924
0.6428308731591479
0.6413908094137651
0.6397424226068443
0.6382186198156446
0.6365836264018615
0.6349639149947812
0.6334566208734369
0.6317347298088217
0.630240952574602
0.6285434062794283
0.6270099620398839
0.6254371627361082
0.6237225246722756
0.6221196858525149
0.6203219249688829
0.618802886478308