0.0006893866609600003
0.0006917620425109537
0.0006941456087829521
0.0006965373879776382
0.0006989374083938249
0.0007013456984278355
0.0007037622865738348
0.0007061872014241683
0.0007086204716697028
0.0007110621261001613
0.0007135121936044664
0.0007159707031710833
0.0007184376838883588
0.00072091316494487
0.0007233971756297659
0.0007258897453331155
0.0007283909035462571
0.0007309006798621437
0.0007334191039756971
0.0007359462056841558
0.0007384820148874284
0.0007410265615884505
0.0007435798758935343
0.0007461419880127301
0.0007487129282601799
0.0007512927270544767
0.0007538814149190279
0.0007564790224824111
0.0007590855804787396
0.0007617011197480269
0.0007643256712365486
0.0007669592659972116
0.0007696019351899191
0.0007722537100819397
0.0007749146220482799
0.0007775847025720511
0.0007802639832448466
0.0007829524957671112
0.0007856502719485181
0.0007883573437083478
0.0007910737430758594
0.0007937995021906779
0.0007965346533031666
0.0007992792287748126
0.0008020332610786115
0.0008047967827994469
0.0008075698266344777
0.0008103524253935295
0.0008131446119994743
0.0008159464194886286
0.000818757881011137
0.0008215790298313689
0.0008244098993283127
0.0008272505229959656
0.0008301009344437366
0.0008329611673968387
0.0008358312556966893
0.0008387112333013144
0.0008416011342857444
0.0008445009928424205
0.0008474108432816008
0.0008503307200317621
0.0008532606576400117
0.0008562006907724918
0.0008591508542147925
0.0008621111828723642
0.0008650817117709268
0.0008680624760568879
0.0008710535109977563
0.0008740548519825611
0.0008770665345222688
0.0008800885942502031
0.0008831210669224695
0.0008861639884183749
0.0008892173947408541
0.0008922813220168948
0.0008953558064979655
0.0008984408845604454
0.0009015365927060528
0.0009046429675622777
0.0009077600458828163
0.0009108878645480041
0.0009140264605652541
0.0009171758710694933
0.0009203361333236016
0.0009235072847188549
0.0009266893627753654
0.0009298824051425263
0.0009330864495994582
0.0009363015340554531
0.0009395276965504268
0.0009427649752553668
0.0009460134084727834
0.0009492730346371642
0.0009525438923154287
0.0009558260202073843
0.0009591194571461847
0.0009624242420987865
0.0009657404141664152
0.0009690680125850242
0.0009724070767257598
0.0009757576460954287
0.0009791197603369617
0.0009824934592298864
0.0009858787826907969
0.0009892757707738256
0.0009926844636711156
0.0009961049017132998
0.0009995371253699755
0.0010029811752501842
0.0010064370921028902
0.001009904916817466
0.0010133846904241738
0.0010168764540946509
0.0010203802491423992
0.001023896117023269
0.0010274240993359564
0.0010309642378224897
0.0010345165743687258
0.0010380811510048462
0.0010416580099058507
0.0010452471933920634
0.0010488487439296258
0.001052462704131005
0.0010560891167554927
0.0010597280247097165
0.0010633794710481442
0.0010670434989735942
0.0010707201518377451
0.0010744094731416523
0.0010781115065362583
0.0010818262958229123
0.0010855538849538875
0.0010892943180329001
0.0010930476393156328
0.0010968138932102576
0.0011005931242779614
0.001104385377233473
0.0011081906969455917
0.001112009128437719
0.0011158407168883923
0.0011196855076318162
0.001123543546158402
0.0011274148781153046
0.0011312995493069633
0.0011351976056956426
0.0011391090934019764
0.001143034058705514
0.001146972548045269
0.001150924608020265
0.0011548902853900915
0.0011588696270754535
0.001162862680158728
0.0011668694918845223
0.0011708901096602318
0.001174924581056599
0.00117897295380828
0.001183035275814408
0.0011871115951391587
0.0011912019600123186
0.0011953064188298594
0.0011994250201545068
0.0012035578127163166
0.0012077048454132515
0.0012118661673117584
0.0012160418276473497
0.0012202318758251867
0.0012244363614206631
0.001228655334179992
0.001232888844020793
0.0012371369410326858
0.00124139967547788
0.0012456770977917714
0.0012499692585835377
0.0012542762086367384
0.0012585979989099155
0.0012629346805371959
0.0012672863048288946
0.0012716529232721266
0.0012760345875314114
0.0012804313494492862
0.001284843261046921
0.0012892703745247289
0.00129371274226299
0.0012981704168224671
0.0013026434509450287
0.0013071318975542746
0.0013116358097561565
0.001316155240839615
0.001320690244277203
0.0013252408737257203
0.0013298071830268507
0.0013343892262077963
0.0013389870574819181
0.001343600731249378
0.0013482303020977786
0.0013528758248028147
0.0013575373543289182
0.0013622149458299084
0.0013669086546496455
0.0013716185363226844
0.0013763446465749323
0.0013810870413243086
0.0013858457766814068
0.0013906209089501562
0.001395412494628489
0.0014002205904090105
0.0014050452531796695
0.0014098865400244268
0.0014147445082239385
0.0014196192152562263
0.0014245107187973625
0.0014294190767221511
0.0014343443471048092
0.0014392865882196604
0.0014442458585418188
0.0014492222167478848
0.0014542157217166361
0.0014592264325297248
0.0014642544084723797
0.0014692997090341047
0.0014743623939093822
0.0014794425229983817
0.0014845401564076678
0.001489655354450909
0.001494788177649597
0.0014999386867337546
0.0015051069426426614
0.0015102930065255715
0.0015154969397424374
0.0015207188038646375
0.0015259586606757008
0.0015312165721720421
0.0015364926005636938
0.001541786808275042
0.0015470992579455643
0.0015524300124305718
0.0015577791348019535
0.0015631466883489218
0.0015685327365787599
0.0015739373432175747
0.0015793605722110523
0.0015848024877252113
0.0015902631541471655
0.0015957426360858808
0.0016012409983729447
0.0016067583060633314
0.0016122946244361707
0.0016178500189955225
0.0016234245554711476
0.0016290182998192908
0.001634631318223458
0.0016402636770951981
0.0016459154430748955
0.0016515866830325474
0.0016572774640685657
0.0016629878535145656
0.0016687179189341613
0.0016744677281237692
0.0016802373491134072
0.0016860268501675008
0.0016918362997856917
0.0016976657667036434
0.0017035153198938612
0.0017093850285665043
0.0017152749621702065
0.0017211851903928955
0.0017271157831626183
0.0017330668106483713
0.0017390383432609267
0.0017450304516536677
0.0017510432067234232
0.0017570766796113088
0.001763130941703567
0.0017692060646324116
0.0017753021202768734
0.0017814191807636556
0.0017875573184679846
0.0017937166060144635
0.0017998971162779375
0.0018060989223843485
0.0018123220977116076
0.0018185667158904589
0.0018248328508053526
0.0018311205765953182
0.0018374299676548406
0.0018437610986347431
0.0018501140444430698
0.0018564888802459695
0.0018628856814685874
0.0018693045237959584
0.0018757454831738996
0.0018822086358099115
0.001888694058174077
0.0018952018269999692
0.0019017320192855566
0.0019082847122941172
0.0019148599835551497
0.0019214579108652913
0.0019280785722892387
0.0019347220461606754
0.0019413884110831869
0.0019480777459312093
0.001954790129850943
0.0019615256422613036
0.001968284362854854
0.001975066371598748
0.0019818717487356807
0.0019887005747848325
0.0019955529305428262
0.002002428897084682
0.00200932855576477
0.0020162519882177855
0.002023199276359705
0.002030170502388758
0.0020371657487864014
0.002044185098318291
0.0020512286340352666
0.0020582964392743316
0.002065388597659636
0.002072505193103472
0.0020796463098072624
0.00208681203226256
0.0020940024452520446
0.002101217633850523
0.0021084576834259463
0.0021157226796404086
0.002123012708451166
0.002130327856111656
0.0021376682091725084
0.0021450338544825812
0.0021524248791899817
0.002159841370743097
0.0021672834168916318
0.0021747511056876435
0.0021822445254865864
0.002189763764948359
0.002197308913038343
0.002204880059028473
0.002212477292498275
0.0022201007033359377
0.002227750381739374
0.0022354264182172824
0.002243128903590225
0.0022508579289917006
0.0022586135858692164
0.0022663959659853846
0.002274205161418987
0.0022820412645660863
0.0022899043681411046
0.002297794565177922
0.002305711949030989
0.0023136566133764133
0.002321628652213082
0.00232962815986377
0.0023376552309762487
0.002345709960524421
0.002353792443809429
0.0023619027764607906
0.0023700410544375324
0.0023782073740293164
0.0023864018318575874
0.0023946245248767156
0.002402875550375135
0.0024111550059765087
0.00241946298964087
0.002427799599665792
0.0024361649346875446
0.0024445590936822605
0.0024529821759671157
0.002461434281201492
0.0024699155093881628
0.0024784259608744796
0.00248696573635355
0.0024955349368654366
0.002504133663798351
0.0025127620188898523
0.0025214201042280497
0.002530108022252812
0.0025388258757569815
0.0025475737678875864
0.00255635180214706
0.002565160082394477
0.0025739987128467626
0.002582867798079944
0.0025917674430303798
0.0026006977529959966
0.0026096588336375474
0.0026186507909798495
0.002627673731413045
0.002636727761693862
0.002645812988946869
0.0026549295206657513
0.0026640774647145793
0.0026732569293290813
0.0026824680231179333
0.0026917108550640325
0.0027009855345257955
0.002710292171238449
0.0027196308753153252
0.0027290017572491757
0.0027384049279134594
0.0027478404985636752
0.002757308580838666
0.002766809286761938
0.0027763427287430006
0.002785909019578676
0.0027955082724544504
0.0028051406009458055
0.002814806119019563
0.0028245049410352335
0.002834237181746373
0.0028440029563019317
0.002853802380247629
0.002863635569527309
0.002873502640484318
0.0028834037098628825
0.0028933388948094822
0.002903308312874253
0.002913312082012353
0.002923350320585383
0.00293342314736277
0.00294353068152318
0.0029536730426559265
0.002963850350762384
0.0029740627262574105
0.002984310289970773
0.0029945931631485687
0.0030049114674546703
0.0030152653249721634
0.0030256548582047794
0.0030360801900783663
0.00304654144394232
0.0030570387435710604
0.0030675722131654915
0.0030781419773544603
0.003088748161196255
0.0030993908901800577
0.0031100702902274457
0.0031207864876938818
0.003131539609370197
0.003142329782484103
0.003153157134701696
0.003164021794128954
0.0031749238893132763
0.0031858635492449786
0.0031968409033588394
0.0032078560815356214
0.003218909214103606
0.003230000431840149
0.0032411298659732065
0.003252297648182909
0.003263503910603109
0.0032747487858229354
0.003286032406888389
0.0032973549073038837
0.0033087164210338516
0.0033201170825043176
0.0033315570266044866
0.003343036388688348
0.0033545553045762734
0.003366113910556616
0.003377712343387343
0.003389350740297627
0.0034010292389894943
0.003412747977639439
0.0034245070949000585
0.003436306729901709
0.003448147022254127
0.003460028112048104
0.003471950139857134
0.003483913246739069
0.003495917574237806
0.0035079632643849473
0.003520050459701488
0.0035321793031994975
0.003544349938383814
0.0035565625092537434
0.003568817160304765
0.0035811140365302288
0.003593453283423095
0.0036058350469776253
0.003618259473691138
0.003630726710565724
0.0036432369051099854
0.0036557902053408007
0.003668386759785049
0.0036810267174813864
0.003693710227982004
0.00370643744135439
0.0037192085081831183
0.003732023579571625
0.003744882807143987
0.003757786343046733
0.003770734339950628
0.0037837269510524888
0.0037967643300769955
0.003809846631278502
0.003822974009442882
0.003836146619889329
0.0038493646184722236
0.003862628161582962
0.0038759374061518065
0.0038892925096497485
0.0039026936300903684
0.003916140926031705
0.00392963455657813
0.003943174681382235
0.003956761460646715
0.00397039505512627
0.0039840756261294965
0.003997803335520816
0.004011578345722362
0.004025400819715929
0.004039270921044884
0.004053188813816102
0.0040671546627019245
0.004081168632942081
0.004095230890345668
0.0041093416012930985
0.00412350093273807
0.004137709052209549
0.004151966127813743
0.004166272328236096
0.004180627822743283
0.004195032781185207
0.004209487373997017
0.004223991772201123
0.004238546147409211
0.00425315067182429
0.004267805518242707
0.0042825108600562135
0.004297266871254007
0.004312073726424779
0.004326931600758808
0.004341840670050004
0.0043568011106980015
0.0043718130997102535
0.0043868768147041085
0.004401992433908925
0.00441716013616818
0.0044323801009415725
0.004447652508307168
0.004462977538963506
0.004478355374231755
0.004493786196057853
0.00450927018701465
0.004524807530304094
0.004540398409759362
0.0045560430098470685
0.0045717415156694315
0.0045874941129664636
0.004603300988118168
0.004619162328146756
0.004635078320718845
0.004651049154147689
0.004667075017395395
0.004683156100075175
0.0046992925924535765
0.004715484685452733
0.004731732570652643
0.004748036440293404
0.004764396487277516
0.0047808129051721505
0.0047972858882114324
0.004813815631298771
0.004830402330009118
0.004847046180591323
0.004863747379970439
0.004880506125750041
0.004897322616214587
0.004914197050331753
0.004931129627754775
0.004948120548824843
0.004965170014573429
0.004982278226724704
0.004999445387697905
0.005016671700609726
0.005033957369276747
0.005051302598217806
0.005068707592656455
0.00508617255852337
0.005103697702458783
0.005121283231814952
0.005138929354658579
0.005156636279773301
0.005174404216662146
0.005192233375550015
0.005210123967386167
0.005228076203846726
0.00524609029733716
0.005264166460994834
0.005282304908691486
0.0053005058550357935
0.0053187695153758974
0.005337096105801942
0.005355485843148663
0.005373938944997906
0.0053924556296812455
0.005411036116282539
0.005429680624640533
0.005448389375351458
0.005467162589771644
0.005486000490020133
0.0055049032989813165
0.005523871240307555
0.005542904538421845
0.005562003418520464
0.005581168106575627
0.005600398829338188
0.00561969581434028
0.00563905928989805
0.005658489485114335
0.0056779866298813705
0.005697550954883537
0.005717182691600053
0.005736882072307743
0.005756649330083776
0.00577648469880841
0.005796388413167787
0.005816360708656684
0.005836401821581309
0.005856511989062109
0.005876691449036545
0.005896940440261942
0.005917259202318293
0.005937647975611089
0.005958107001374194
0.005978636521672659
0.0059992367794056084
0.0060199080183091225
0.006040650482959094
0.006061464418774151
0.006082350072018533
0.006103307689805034
0.006124337520097899
0.006145439811715772
0.00616661481433464
0.00618786277849079
0.006209183955583753
0.006230578597879311
0.00625204695851245
0.006273589291490378
0.006295205851695521
0.006316896894888527
0.006338662677711332
0.006360503457690136
0.006382419493238501
0.006404411043660397
0.006426478369153242
0.006448621730811019
0.0064708413906273445
0.006493137611498567
0.006515510657226891
0.006537960792523477
0.0065604882830116
0.006583093395229771
0.006605776396634891
0.006628537555605444
0.006651377141444628
0.0066742954243835745
0.006697292675584541
0.0067203691671440975
0.0067435251720963825
0.006766760964416296
0.006790076819022765
0.006813473011781996
0.006836949819510716
0.0068605075199794805
0.006884146391915939
0.006907866715008124
0.006931668769907802
0.006955552838233734
0.006979519202575063
0.007003568146494621
0.007027699954532306
0.007051914912208427
0.007076213306027105
0.007100595423479651
0.007125061553047969
0.007149611984207959
0.007174247007432967
0.007198966914197199
0.007223771996979177
0.0072486625492652074
0.007273638865552836
0.007298701241354347
0.0073238499732002586
0.007349085358642825
0.007374407696259555
0.007399817285656754
0.007425314427473068
0.007450899423383029
0.007476572576100645
0.007502334189382949
0.007528184568033629
0.007554124017906614
0.007580152845909698
0.0076062713600081626
0.007632479869228438
0.007658778683661747
0.007685168114467773
0.007711648473878355
0.007738220075201156
0.0077648832328233944
0.0077916382622155635
0.007818485479935144
0.007845425203630362
0.007872457752043954
0.007899583445016924
0.007926802603492338
0.00795411554951912
0.00798152260625585
0.00800902409797461
0.0080366203500648
0.008064311689037004
0.008092098442526835
0.008119980939298829
0.00814795950925033
0.008176034483415383
0.008204206193968673
0.008232474974229416
0.008260841158665353
0.008289305082896672
0.00831786708369999
0.008346527499012327
0.008375286667935132
0.00840414493073826
0.008433102628864032
0.008462160104931239
0.008491317702739226
0.008520575767271952
0.008549934644702056
0.008579394682394981
0.008608956228913053
0.00863861963401962
0.008668385248683205
0.008698253425081634
0.008728224516606209
0.008758298877865897
0.008788476864691525
0.008818758834139984
0.008849145144498458
0.00887963615528865
0.008910232227271064
0.008940933722449246
0.008971741004074085
0.00900265443664809
0.00903367438592973
0.009064801218937744
0.009096035303955485
0.009127377010535283
0.009158826709502806
0.009190384772961465
0.009222051574296801
0.009253827488180918
0.009285712890576895
0.009317708158743247
0.0093498136712384
0.009382029807925145
0.009414356949975161
0.009446795479873487
0.009479345781423083
0.009512008239749358
0.009544783241304727
0.009577671173873177
0.009610672426574863
0.009643787389870715
0.00967701645556704
0.009710360016820192
0.009743818468141175
0.00977739220540036
0.009811081625832135
0.009844887128039628
0.009878809111999391
0.00991284797906617
0.009947004131977638
0.009981277974859154
0.010015669913228541
0.010050180354000906
0.010084809705493431
0.010119558377430225
0.010154426780947155
0.010189415328596706
0.01022452443435289
0.010259754513616114
0.010295105983218115
0.010330579261426874
0.010366174767951587
0.010401892923947609
0.010437734152021452
0.010473698876235785
0.010509787522114433
0.01054600051664743
0.010582338288296075
0.010618801266997983
0.010655389884172178
0.010692104572724214
0.010728945767051273
0.010765913903047316
0.010803009418108252
0.01084023275113708
0.010877584342549118
0.010915064634277197
0.01095267406977689
0.010990413094031754
0.01102828215355861
0.011066281696412817
0.011104412172193564
0.011142674032049221
0.011181067728682624
0.011219593716356483
0.011258252450898735
0.011297044389707935
0.011335969991758663
0.011375029717606972
0.01141422402939583
0.011453553390860583
0.011493018267334431
0.011532619125753964
0.011572356434664664
0.011612230664226455
0.011652242286219265
0.0116923917740486
0.011732679602751166
0.011773106249000465
0.011813672191112465
0.011854377909051217
0.011895223884434567
0.011936210600539858
0.011977338542309618
0.01201860819635733
0.012060020050973144
0.012101574596129722
0.012143272323487974
0.01218511372640292
0.012227099299929472
0.012269229540828357
0.012311504947571952
0.012353926020350185
0.012396493261076481
0.012439207173393651
0.012482068262679911
0.012525077036054807
0.012568234002385261
0.012611539672291538
0.01265499455815335
0.012698599174115876
0.012742354036095851
0.012786259661787692
0.012830316570669582
0.012874525284009659
0.012918886324872165
0.012963400218123642
0.01300806749043911
0.013052888670308344
0.01309786428804211
0.013142994875778425
0.013188280967488877
0.013233723098984913
0.01327932180792421
0.013325077633817019
0.013370991118032555
0.013417062803805387
0.013463293236241892
0.013509682962326675
0.013556232530929078
0.013602942492809621
0.013649813400626577
0.013696845808942468
0.013744040274230646
0.013791397354881876
0.013838917611210928
0.013886601605463227
0.013934449901821494
0.013982463066412433
0.014030641667313394
0.01407898627455914
0.01412749746014857
0.014176175798051485
0.014225021864215384
0.014274036236572264
0.014323219495045485
0.014372572221556617
0.014422095000032324
0.014471788416411259
0.014521653058651024
0.014571689516735122
0.014621898382679913
0.014672280250541648
0.014722835716423474
0.014773565378482503
0.01482446983693689
0.014875549694072924
0.01492680555425214
0.014978238023918518
0.015029847711605622
0.01508163522794379
0.015133601185667391
0.015185746199622051
0.015238070886771937
0.015290575866207056
0.015343261759150593
0.015396129188966216
0.015449178781165506
0.015502411163415334
0.015555826965545281
0.015609426819555107
0.0156632113596222
0.015717181222109113
0.015771337045571078
0.015825679470763562
0.01588020914064983
0.015934926700408598
0.015989832797441615
0.016044928081381367
0.016100213204098726
0.016155688819710676
0.01621135558458808
0.0162672141573634
0.01632326519893853
0.016379509372492565
0.01643594734348971
0.016492579779687114
0.016549407351142794
0.016606430730223505
0.01666365059161279
0.016721067612318882
0.016778682471682748
0.01683649585138615
0.01689450843545963
0.0169527209102907
0.017011133964631907
0.017069748289609
0.017128564578729077
0.017187583527888847
0.01724680583538281
0.017306232201911548
0.017365863330590033
0.01742569992695587
0.017485742698977732
0.017545992357063687
0.017606449614069646
0.017667115185307714
0.017727989788554756
0.017789074144060814
0.01785036897455767
0.01791187500526738
0.01797359296391085
0.018035523580716462
0.0180976675884287
0.018160025722316835
0.018222598720183596
0.018285387322373933
0.018348392271783764
0.01841161431386876
0.01847505419665315
0.018538712670738616
0.01860259048931312
0.018666688408159878
0.018731007185666233
0.018795547582832667
0.018860310363281813
0.01892529629326746
0.01899050614168366
0.01905594068007376
0.01912160068263962
0.019187486926250694
0.01925360019045325
0.019319941257479614
0.019386510912257397
0.01945330994241878
0.019520339138309868
0.019587599293000017
0.019655091202291183
0.01972281566472741
0.01979077348160423
0.019858965456978146
0.019927392397676175
0.01999605511330535
0.02006495441626233
0.02013409112174301
0.02020346604775217
0.020273080015113104
0.020342933847477415
0.020413028371334702
0.020483364416022345
0.020553942813735345
0.020624764399536123
0.02069583001136445
0.02076714049004734
0.020838696679308988
0.02091049942578077
0.02098254957901124
0.021054847991476215
0.021127395518588835
0.021200193018709686
0.021273241353156943
0.021346541386216607
0.021420093985152683
0.02149390002021748
0.02156796036466185
0.021642275894745593
0.021716847489747775
0.021791676031977146
0.02186676240678257
0.021942107502563524
0.022017712210780586
0.02209357742596599
0.022169704045734234
0.022246092970792622
0.022322745104952017
0.02239966135513749
0.022476842631399062
0.02255428984692242
0.022632003918039812
0.02270998576424082
0.022788236308183257
0.02286675647570411
0.02294554719583044
0.02302460940079042
0.023103944026024358
0.023183552010195754
0.023263434295202386
0.023343591826187508
0.02342402555155099
0.023504736422960536
0.023585725395363008
0.023666993426995603
0.023748541479397325
0.023830370517420263
0.023912481509241072
0.023994875426372356
0.02407755324367426
0.02416051593936592
0.024243764495037068
0.02432729989565966
0.024411123129599498
0.024495235188627944
0.024579637067933667
0.024664329766134398
0.02474931428528873
0.024834591630908016
0.02492016281196824
0.02500602884092195
0.025092190733710266
0.02517864950977484
0.02526540619207001
0.025352461807074803
0.025439817384805177
0.025527473958826104
0.025615432566263894
0.025703694247818407
0.025792260047775416
0.025881131014018878
0.02597030819804342
0.02605979265496675
0.02614958544354213
0.026239687626170915
0.026330100268915087
0.026420824441509942
0.02651186121737667
0.02660321167363513
0.026694876891116492
0.026786857954376138
0.02687915595170643
0.026971771975149585
0.027064707120510647
0.02715796248737034
0.027251539179098228
0.027345438302865663
0.027439660969658927
0.02753420829429235
0.027629081395421515
0.027724281395556518
0.02781980942107521
0.027915666602236558
0.028011854073193954
0.02810837297200873
0.02820522444066354
0.028302409625075943
0.02839992967511187
0.028497785744599324
0.028595978991341964
0.028694510577132848
0.028793381667768167
0.028892593433060988
0.028992147046855182
0.029092043687039243
0.029192284535560286
0.029292870778437938
0.02939380360577849
0.029495084211788876
0.02959671379479084
0.029698693557235173
0.0298010247057158
0.029903708450984202
0.030006746007963662
0.030110138595763662
0.03021388743769428
0.03031799376128071
0.030422458798277752
0.030527283784684417
0.030632469960758472
0.030738018571031225
0.0308439308643222
0.030950208093753866
0.031056851516766563
0.031163862395133267
0.031271241994974594
0.03137899158677378
0.031487112445391714
0.03159560585008193
0.03170447308450586
0.03181371543674799
0.03192333419933107
0.03203333066923145
0.03214370614789434
0.032254461941249306
0.03236559935972571
0.03247711971826815
0.03258902433635206
0.032701314537999314
0.032813991651793925
0.032927057010897695
0.033040511953066086
0.0331543578206639
0.033268595960681324
0.033383227724749796
0.033498254469157954
0.03361367755486774
0.03372949834753049
0.033845718217503096
0.03396233853986421
0.034079360694430544
0.03419678606577308
0.03431461604323363
0.03443285202094116
0.03455149539782831
0.0346705475776479
0.034790009968989635
0.03490988398529673
0.03503017104488259
0.035150872570947615
0.03527198999159607
0.03539352473985295
0.035515478253680996
0.03563785197599757
0.035760647354691866
0.03588386584264198
0.036007508897732125
0.036131577982869846
0.03625607456600334
0.036381000120138854
0.036506356123358084
0.036632144058835664
0.03675836541485676
0.03688502168483455
0.03701211436732807
0.03713964496605982
0.037267614989933626
0.037396025953052386
0.037524879374736156
0.03765417677953995
0.037783919697271906
0.037914109663011335
0.038044748217126834
0.03817583690529461
0.038307377278516734
0.038439370893139445
0.0385718193108716
0.03870472409880316
0.038838086829423725
0.038971909080641146
0.03910619243580016
0.039240938483701145
0.03937614881861894
0.03951182504032169
0.03964796875408978
0.03978458157073476
0.03992166510661853
0.0400592209836724
0.04019725082941622
0.040335756276977795
0.04047473896511197
0.04061420053822027
0.040754142646370214
0.040894566945314875
0.04103547509651241
0.04117686876714582
0.04131874963014263
0.041461119364194665
0.041603979653777906
0.04174733218917246
0.04189117866648256
0.042035520787656565
0.04218036026050722
0.042325698798731666
0.042471538121931926
0.04261787995563516
0.042764726031314065
0.04291207808640733
0.04305993786434031
0.043208307114545555
0.04335718759248355
0.04350658105966348
0.04365648928366401
0.0438069140381543
0.04395785710291495
0.04410932026385905
0.04426130531305327
0.04441381404873916
0.04456684827535433
0.04472040980355387
0.04487450045023176
0.04502912203854227
0.045184276397921684
0.04533996536410986
0.04549619077917198
0.04565295449152028
0.045810258355935975
0.04596810423359126
0.04612649399207123
0.046285429505395985
0.04644491265404286
0.04660494532496864
0.04676552941163191
0.04692666681401545
0.047088359438648635
0.04725060919863014
0.04741341801365046
0.047576787810014676
0.047740720520665254
0.04790521808520484
0.04807028244991928
0.04823591556780066
0.04840211939857037
0.04856889590870227
0.04873624707144601
0.04890417486685039
0.04907268128178675
0.04924176830997239
0.04941143795199437
0.049581692215333
0.049752533114385676
0.04992396267049071
0.05009598291195115
0.05026859587405895
0.05044180359911887
0.05061560813647287
0.050790011542523994
0.05096501588076111
0.05114062322178307
0.051316835643323226
0.0514936552302742
0.051671084074712235
0.05184912427592224
0.05202777794042248
0.05220704718198959
0.0523869341216834
0.05256744088787227
0.05274856961625814
0.052930322449901784
0.05311270153924828
0.053295709042152264
0.05347934712390366
0.053663617957253135
0.053848523722438035
0.05403406660720783
0.05422024880685031
0.05440707252421747
0.05459453996975147
0.054782653361510954
0.05497141492519711
0.05516082689418018
0.05535089150952577
0.05554161102002145
0.05573298768220322
0.055925023760382386
0.05611772152667226
0.05631108326101503
0.05650511125120869
0.05669980779293429
0.0568951751897829
0.05709121575328299
0.05728793180292776
0.05748532566620244
0.05768339967861205
0.05788215618370895
0.05808159753312049
0.05828172608657687
0.058482544211939144
0.058684054285227175
0.05888625869064769
0.059089159820622614
0.05929276007581723
0.05949706186516872
0.059702067605914594
0.05990777972362132
0.06011420065221294
0.060321332834000034
0.06038165416683401
0.060677183344688586
0.06097415894689455
0.06127258805276441
0.0615724777762593
0.06187383526615866
0.06217666770623052
0.062480982315402875
0.06278678634793566
0.06309408709359376
0.06340289187782071
0.06371320806191338
0.06402504304319745
0.0643384042552037
0.06465329916784522
0.06496973528759557
0.06528772015766757
0.06560726135819325
0.06592836650640443
0.06625104325681443
0.06657529930140038
0.06690114236978675
0.0672285802294295
0.06755762068580122
0.06788827158257729
0.06822054080182284
0.06855443626418053
0.06888996592905954
0.06922713779482517
0.06956595989898952
0.06990644031840318
0.07024858716944764
0.07059240860822891
0.07093791283077178
0.07128510807321536
0.07163400261200932
0.07198460476411114
0.07233692288718452
0.07269096537979848
0.07304674068162763
0.0734042572736533
0.07376352367836575
0.07412454845996735
0.0744873402245767
0.07485190762043377
0.07521825933810605
0.07558640411069584
0.07595635071404822
0.07632810796696043
0.07670168473139198
0.07707708991267605
0.07745433245973149
0.07783342136527646
0.07821436566604265
0.07859717444299065
0.07898185682152657
0.07936842197171942
0.07975687910851978
0.08014723749197948
0.08053950642747235
0.0809336952659159
0.08132981340399445
0.081727870284383
0.08212787539597229
0.08252983827409507
0.08293376850075343
0.0833396757048471
0.08374756956240309
0.08415745979680629
0.0845693561790313
0.08498326852787534
0.08539920671019219
0.08581718064112766
0.08623720028435568
0.08665927565231595
0.08708341680645264
0.08750963385745414
0.08793793696549408
0.08836833634047371
0.08880084224226502
0.08923546498095553
0.08967221491709387
0.09011110246193701
0.09055213807769817
0.09099533227779638
0.09144069562710709
0.09188823874221397
0.092337972291662
0.09278990699621176
0.09324405362909509
0.09370042301627184
0.09415902603668787
0.09461987362253452
0.09508297675950904
0.0955483464870767
0.09601599389873375
0.09648593014227193
0.09695816642004425
0.09743271398923196
0.09790958416211297
0.09838878830633142
0.09887033784516885
0.09935424425781625
0.09984051907964789
0.10032917390249624
0.10082022037492824
0.10131367020252316
0.10180953514815147
0.10230782703225516
0.10280855773312988
0.10331173918720762
0.10381738338934167
0.10432550239309231
0.1048361083110142
0.1053492133149451
0.10586482963629615
0.10638296956634322
0.10690364545652015
0.10742686971871294
0.10795265482555592
0.10848101331072874
0.10901195776925537
0.1095455008578043
0.11008165529499028
0.11062043386167733
0.11116184940128367
0.11170591482008767
0.11225264308753562
0.11280204723655089
0.11335414036384456
0.11390893563022766
0.11446644626092488
0.11502668554588982
0.11558966684012185
0.1161554035639844
0.11672390920352495
0.11729519731079643
0.1178692815041803
0.11844617546871127
0.11902589295640334
0.11960844778657784
0.12019385384619262
0.12078212509017341
0.12137327554174611
0.12196731929277124
0.12256427050408004
0.12316414340581175
0.12376695229775292
0.12437271154967836
0.1249814356016937
0.1255931389645794
0.12620783622013698
0.12682554202153634
0.12744627109366521
0.12807003823348023
0.1286968583103594
0.12932674626645682
0.12995971711705878
0.1305957859509417
0.13123496793073178
0.13187727829326643
0.13252273234995765
0.13317134548715687
0.13382313316652164
0.13447811092538456
0.1351362943771232
0.13579769921153273
0.13646234119519954
0.13713023617187742
0.13780140006286504
0.1384758488673855
0.13915359866296784
0.13983466560583013
0.14051906593126479
0.14120681595402537
0.14189793206871565
0.14259243075018055
0.14329032855389845
0.14399164211637633
0.1446963881555459
0.14540458347116253
0.14611624494520553
0.14683138954228042
0.14755003431002367
0.14827219637950878
0.148997892965655
0.14972714136763718
0.1504599589692987
0.1511963632395656
0.15193637173286278
0.15268000208953303
0.15342727203625703
0.15417819938647612
0.154932802040817
0.15569109798751832
0.1564531053028595
0.15721884215159176
0.15798832678737093
0.15876157755319278
0.15953861288183013
0.1603194512962723
0.16110411141016684
0.1618926119282628
0.16268497164685708
0.16348120945424235
0.16428134433115704
0.16508539535123823
0.1658933816814761
0.16670532258267073
0.16752123740989164
0.1683411456129385
0.16916506673680554
0.16999302042214712
0.17082502640574548
0.17166110452098207
0.17250127469830998
0.17334555696572854
0.1741939714492616
0.17504653837343678
0.1759032780617676
0.17676421093723815
0.17762935752278983
0.17849873844181047
0.1793723744186262
0.18025028627899514
0.1811324949506043
0.18201902146356796
0.18290988695092938
0.18380511264916427
0.18470471989868736
0.1856087301443607
0.18651716493600518
0.18743004592891416
0.18834739488436963
0.189269233670161
0.19019558426110653
0.19112646873957667
0.19206190929602104
0.1930019282294973
0.1939465479482022
0.19489579097000648
0.19584967992299124
0.19680823754598717
0.1977714866891172
0.19873945031434065
0.19971215149600066
0.20068961342137476
0.20167185939122684
0.20265891282036314
0.20365079723819024
0.20464753628927593
0.20564915373391282
0.20665567344868505
0.2076671194270369
0.20868351577984517
0.20970488673599394
0.21073125664295184
0.21176264996735275
0.2127990912955788
0.2138406053343467
0.21488721691129647
0.21593895097558352
0.21699583259847302
0.21805788697393796
0.2191251394192596
0.2201976153756307
0.2212753404087625
0.2223583402094936
0.22344664059440278
0.2245402675064245
0.22563924701546664
0.2267436053190329
0.2278533687428466
0.22896856374147845
0.23008921689897724
0.2312153549295036
0.23234700467796654
0.23348419312066357
0.234626947365924
0.23577529465475447
0.2369292623614891
0.23808887799444145
0.23925416919656065
0.24042516374609024
0.24160188955723017
0.24278437468080233
0.24397264730491952
0.2451667357556568
0.2463666684977273
0.2475724741351605
0.24878418141198394
0.25000181921290876
0.25122541656401826
0.2524550026334592
0.253690606732138
0.25493225831441874
0.2561799869788258
0.25743382246874913
0.2586937946731533
0.2599599336272899
0.2612322695134142
0.26251083266150355
0.2637956535499811
0.26508676280644233
0.26638419120838486
0.2676879696839423
0.2689981293126216
0.2703147013260436
0.271637717108688
0.272967208198641
0.2743032062883474
0.27564574322536634
0.2769948510131297
0.2783505618117057
0.2797129079385656
0.28108192186935327
0.2824576362386602
0.2838400838408031
0.2852292976306056
0.28662531072418385
0.28802815639973617
0.2894378680983357
0.2908544794247288
0.29227802414813475
0.2937085362030514
0.29514604969006414
0.2965905988766586
0.29804221819803794
0.299500942257943
0.30096680582947755
0.3024398438559376
0.30392009145164384
0.30540758390277856
0.3069023566682275
0.3084044453804247
0.30991388584620183
0.31143071404764183
0.3129549661429367
0.3144866784672495
0.3160258875335804
0.31757263003363706
0.3191269428387094
0.32068886300054855
0.32225842775224967
0.32383567450914036
0.3254206408696718
0.32701336461631525
0.3286138837164627
0.3302222363233325
0.3318384607768775
0.33346259560470054
0.33509467952297195
0.3367347514373526
0.3383828504439215
0.3400390158301078
0.34170328707562725
0.3433757038534229
0.34505630603061166
0.34674513366943416
0.3484422270282096
0.3501476265622957
0.3518613729250531
0.35358350696881446
0.355314069745858
0.35705310250938627
0.3588006467145099
0.3605567440192353
0.3623214362854577
0.36409476557995973
0.36587677417541326
0.367667504551388
0.36946699939536337
0.3712753016037465
0.37309245428289495
0.37491850075014344
0.3767534845348378
0.37859744937937156
0.3804504392402287
0.38231249828903224
0.3841836709135966
0.3860640017189858
0.3879535355285767
0.3898523173851281
0.3917603925518534
0.39367780651350054
0.3956046049774361
0.3975408338747339
0.39948653936127165
0.40144176781882945
0.40340656585619666
0.4053809803102829
0.40736505824723324
0.40935884696355196
0.4113623939872288
0.41337574707887226
0.4153989542328482
0.4174320636784242
0.41947512388091834
0.42152818354285576
0.42359129160512854
0.4256644972481628
0.42774784989309145
0.4298413992029314
0.4319451950837684
0.43405928768594604
0.43618372740526107
0.43831856488416593
0.44046385101297447
0.44261963693107587
0.4447859740281537
0.4469629139454109
0.44915050857680017
0.45134881007026234
0.4535578708289685
0.45577774351256883
0.4580084810384493
0.46025013658299163
0.4625027635828419
0.46476641573618416
0.4670411470040197
0.469327011611455
0.4716240640489927
0.47393235907383147
0.4762519517111711
0.47858289725552416
0.4809252512720339
0.48327906959779954
0.4856444083432065
0.48802132389326397
0.4904098729089499
0.492810112328561
0.49522209936906975
0.4976458915274892
0.5000815465822427
0.5025291225945421
0.5049886779097711
0.5074602711588763
0.5099439612597649
0.5124398074187095
0.5149478691317587
0.517468206186156
0.5200008786617651
0.5225459469325012
0.5251034716677715
0.5276735138339201
0.5302561346956823
0.5328513958176448
0.535459359065713
0.5380800866085856
0.5407136409192377
0.5433600847764083
0.5460194812660984
0.5486918937830745
0.5513773860323785
0.554076022030848
0.556787866108642
0.5595129829107728
0.5622514373986495
0.5650032948516249
0.5677686208685518
0.5705474813693476
0.5733399425965642
0.5761460711169688
0.5789659338231296
0.5817995979350105
0.5846471310015738
0.587508600902391
0.590384075849259
0.5932736243878284
0.5961773153992359
0.5990952181017467
0.6020274020524056
0.6049739371486933
0.6079348936301938
0.6109103420802684
0.6139003534277383
0.6169049989485762
0.6199243502676032
0.6229584793601984
0.6260074585540143
0.6290713605306999
0.6321502583276339
0.6352442253396664
0.638353335320867
0.6414776623862843
0.6446172810137123
0.647772266045465
0.6509426926901627
0.6541286365245207
0.657330173495156
0.6605473799203938
0.663780332492089
0.6670291082774531
0.6702937847208917
0.6735744396458508
0.6768711512566722
0.6801839981404569
0.6835130592689398
0.6868584140003707
0.6902201420814064
0.6935983236490129
0.6969930392323747
0.7004043697548141
0.7038323965357217
0.7072772012924932
0.7107388661424779
0.7142174736049371
0.7177131066030106
0.7212258484656929
0.7247557829298206
0.7283029941420677
0.7318675666609514
0.735449585458849
0.739049135924022
0.7426663038626529
0.7463011755008898
0.7499538374869013
0.7536243768929438
0.7573128812174357
0.7610194383870439
0.7647441367587788
0.7684870651221027
0.7722483127010431
0.7760279691563227
0.7798261245874949
0.7836428695350928
0.7874782949827864
0.7913324923595527
0.795205553541853
0.7990975708558252
0.8030086370794853
0.8069388454449358
0.8108882896405916
0.81485706381341
0.8188452625711389
0.8228529809845686
0.8268803145898002
0.830927359390522
0.8349942118602987
0.8390809689448693
0.8431877280644615
0.8473145871161107
0.851461644475996
0.8556289990017842
0.8598167500349851
0.864024997403323
0.8682538414231122
0.8725033829016527
0.8767737231396304
0.8810649639335321
0.8853772075780721
0.889710556868633
0.8940651151037127
0.8984409860873898
0.9028382741317955
0.9072570840596029
0.911697521206523
0.9161596914238175
0.920643701080822
0.9251496570674811
0.9296776667968965
0.9342278382078872
0.9388002797675638
0.9433951004739126
0.9480124098583951
0.9526523179885581
0.9573149354706589
0.9620003734522995
0.9667087436250779
0.9714401582272518
0.9761947300464104
0.9809725724221673
0.9857737992488596
0.9905985249782617
0.9954468646223186
1.0003189337558824
1.00521484851947
1.010134725622032
1.0150786823437312
1.0200468365387438
1.0250393066380648
1.0300562116523326
1.035097671174666
1.0401638053835147
1.0452547350455237
1.0503705815184128
1.0555114667538703
1.0606775133004585
1.0658688443065363
1.0710855835231932
1.0763278553072009
1.0815957846239774
1.0868894970505654
1.092209118778626
1.0975547766174478
1.102926597996967
1.108324710970808
1.1137492442193364
1.1192003270527227
1.1246780894140287
1.1301826618823032
1.1357141756756934
1.1412727626545776
1.1468585553247028
1.1524716868403473
1.158112291007494
1.1637805022870171
1.169476455797893
1.1752002873204168
1.18095213329944
1.1867321308476242
1.192540417748709
1.1983771324607948
1.2042424141196464
1.210136402542009
1.216059238228938
1.222011062369153
1.2279920168424001
1.2340022442228347
1.240041887782421
1.246111091494347
1.2522100000364564
1.258338758794698
1.264497513866589
1.2706864120647012
1.2769056009201587
1.2831552286861552
1.2894354443414882
1.2957463975941095
1.3020882388846937
1.3084611193902278
1.3148651910276108
1.3213006064572765
1.3277675190868352
1.3342660830747242
1.34079645333389
1.347358785535477
1.3539532361125393
1.360579962263769
1.3672391219572464
1.3739308739342004
1.3806553777127972
1.3874127935919414
1.3942032826550976
1.4010270067741288
1.4078841286131574
1.4147748116324395
1.4216992200922651
1.4286575190568729
1.4356498743983823
1.442676452800752
1.4497374217637482
1.4568329496069419
1.4639632054737193
1.4711283593353146
1.478328581994861
1.4855640450914631
1.4928349211042864
1.5001413833566715
1.5074836060202657
1.5148617641191728
1.5222760335341268
1.5297265910066848
1.5372136141434376
1.544737281420248
1.5522977721865014
1.559895266669383
1.5675299459781735
1.5752019921085663
1.5829115879470066
1.5906589172750498
1.5984441647737437
1.6062675160280309
1.6141291575311731
1.6220292766891922
1.6299680618253456
1.63794570218461
1.6459623879381933
1.6540183101880703
1.6621136609715341
1.670248633265778
1.6784234209924924
1.6866382190224918
1.6948932231803542
1.7031886302490953
1.7115246379748537
1.719901445071609
1.728319251225918
1.736778257101673
1.7452786643448865
1.7538206755884995
1.7624044944572068
1.771030325572318
1.7796983745566304
1.7884088480393316
1.7971619536609276
1.805957900078187
1.8147968969691208
1.8236791550379787
1.83260488602027
1.8415743026878135
1.85058761885381
1.8596450493779328
1.8687468101714602
1.8778931182024134
1.8870841915007324
1.896320249163474
1.905601511360033
1.9149281993373892
1.9243005354253853
1.9337187430420255
1.9431830466987994
1.9526936720060362
1.9622508456782797
1.971854795539698
1.981505750529509
1.9912039407074418
2.0009495972592175
2.0107429525020644
2.0205842398902503
2.030473694020652
2.0404115506383476
2.050398046642234
2.0604334200906766
2.070517910207179
2.080651757386093
2.0908352031983437
2.1010684903971897
2.111351862924011
2.1216855659141234
2.132069845702618
2.1425049498302413
2.1529911270492894
2.1635286273295415
2.1741177018642164
2.184758603075962
2.195451584622871
2.2061969014045286
2.21699480956809
2.227845566514385
2.2387494309040536
2.249706662663711
2.260717522992148
2.2717822743665526
2.282901180548771
2.2940745065915906
2.305302518845065
2.316585484962853
2.32792367390861
2.339317355962394
2.350766802727107
2.3622722871349753
2.3738340834540503
2.385452467294745
2.3971277156164117
2.4088601067339392
2.420649920324385
2.4324974374336508
2.4444029404831684
2.456366713276646
2.4683890410068248
2.4804702102622818
2.492610509034259
2.5048102267235315
2.5170696541473
2.5293890835461297
2.541768808590916
2.55420912438988
2.566710327495612
2.5792727159121314
2.591896589101994
2.604582247993435
2.6173299949875366
2.6301401339654396
2.6430129702955867
2.6559488108410005
2.6689479639666
2.682010739546554
2.6951374489716615
2.7083284051567795
2.7215839225482847
2.734904317131557
2.7482899064385284
2.7617410095552417
2.775257947129461
2.788841041378312
2.802490616095965
2.816206996661354
2.8299905100459344
2.843841484821474
2.8577602511678863
2.871747140881105
2.885802487380986
2.899926625719264
2.914119892587533
2.928382626325278
2.9427151669279312
2.95711785605499
2.971591037038148
2.98613505488949
3.0007502563097077
3.0154369896963735
3.030195605152239
3.0450264544935783
3.0599298912585855
3.0749062707157924
3.0899559498725395
3.105079287483491
3.1202766440591807
3.1355483818746075
3.150894864977875
3.1663164591988666
3.1818135321579657
3.1973864532748184
3.213035593777147
3.228761326709585
3.244564026942585
3.260444071181346
3.276401837974796
3.2924377077246163
3.3085520626943037
3.3247452870182936
3.3410177667111096
3.3573698896765656
3.373802045717014
3.390314626542642
3.4069080257807975
3.4235826389853856
3.440338863646292
3.457177099198855
3.474097747033396
3.491101210504775
3.5081878949420213
3.525358207657984
3.5426125579590444
3.5599513571548775
3.577375018568252
3.5948839575448805
3.6124785914633306
3.6301593397449636
3.647926623863942
3.665780867357265
3.683722495834882
3.7017519369898166
3.719869620608379
3.7380759785804085
3.756371444909561
3.774756455723664
3.7932314492851034
3.8117968660012806
3.8304531484351054
3.8492007413155487
3.86804009154824
3.886971648226127
3.9059958626401676
3.9251131882901076
3.9443240808952784
3.9636289984054596
3.9830284010118016
4.002522751157795
4.022112513550288
4.0417981551705715
4.061580145285506
4.0814589554587135
4.101435059561814
4.121508933785717
4.141681056651988
4.161951909024238
4.182321974119604
4.20279173752025
4.2233616871849575
4.2440323134607425
4.264804109094561
4.285677569245041
4.3066531914942985
4.32773147585979
4.348912924806227
4.370198043257571
4.391587338609055
4.413081320739288
4.434680502022398
4.45638539734026
4.47819652409476
4.500114402220131
4.52213955419535
4.544272505056592
4.566513782409743
4.588863916442981
4.6113234399394045
4.6338928882897505
4.6565727995051445
4.679363714229931
4.702266175754556
4.725280730028516
4.748407925673389
4.771648313995895
4.795002449001043
4.818470887405342
4.842054188650067
4.8657529149145935
4.889567631129806
4.913498904991557
4.937547306974211
4.961713410344226
4.985997791173837
5.010401028354771
5.034923703612063
5.059566401517918
5.084329709505636
5.109214217883635
5.134220519849496
5.159349211504134
5.18460089186598
5.209976162885285
5.235475629458447
5.261099899442452
5.286849583669339
5.312725295960786
5.338727653142729
5.364857275060064
5.391114784591441
5.417500807664075
5.444015973268712
5.470660913474591
5.497436263444522
5.52434266145003
5.551380748886565
5.578551170288788
5.605854573345949
5.633291608917315
5.660862931047687
5.688569196982992
5.716411067185959
5.744389205351844
5.772504278424267
5.80075695661111
5.829147913400485
5.857677825576796
5.886347373236863
5.915157239806149
5.9441081120550345
5.973200680115206
6.002435637496094
6.031813681101412
6.061335511245759
6.091001831671326
6.120813349564678
6.150770775573585
6.180874823823981
6.211126211937
6.241525661046045
6.2720738958140245
6.302771644450587
6.333619638729494
6.364618614006088
6.395769309234774
6.427072466986688
6.458528833467351
6.490139158534482
6.521904195715877
6.553824702227353
6.585901438990824
6.618135170652405
6.650526665600681
6.6830766959849885
6.71578603773383
6.7486554705734
6.781685778046125
6.814877747529384
6.848232170254248
6.8817498413243445
6.915431559734849
6.949278128391466
6.983290354129638
7.017469047733722
7.05181502395634
7.086329101537828
7.121012103225692
7.1558648557942846
7.1908881900644674
7.22608294092343
7.261449947344618
7.296990052407679
7.3327041033186235
7.368592951429955
7.404657452261029
7.4408984655183925
7.4773168551163
7.513913489197329
7.55068924015303
7.58764498464477
7.624781603624587
7.6620999823562075
7.699601010436179
7.737285581815017
7.775154594818573
7.813208952169408
7.851449561008321
7.889877332916005
7.9284931839347195
7.967298034590189
8.006292809913484
8.045478439463139
8.084855857347256
8.124426002245784
8.164189817432932
8.204148250799598
8.244302254876018
8.284652786854437
8.325200808611918
8.36594728673333
8.406893192534314
8.448039502084507
8.489387196230748
8.530937260620489
8.572690685725316
8.614648466864498
8.656811604228777
8.699181102904168
8.741757972895943
8.784543229152685
8.82753789159049
8.870742985117309
8.914159539657327
8.957788590175568
9.001631176702524
9.045688344358952
9.08996114338084
9.13445062914436
9.179157862191104
9.224083908253307
9.269229838279266
9.31459672845891
9.360185660249392
9.405997720400924
9.45203400098263
9.498295599408639
9.544783618464189
9.591499166331932
9.638443356618394
9.685617308380447
9.733022146152056
9.780658999971028
9.828529005405965
9.876633303583398
9.92497304121487
9.973549370624383
10.022363449775792
10.071416442300444
10.120709517524926
10.170243850498895
10.220020622023148
10.270041018677698
10.320306232850152
10.370817462764045
10.42157591250744
10.472582792061667
10.523839317330093
10.575346710167185
10.627106198407573
10.679119015895328
10.73138640251344
10.783909604213278
10.83668987304437
10.889728467184199
10.943026650968209
10.996585694919974
11.050406875781425
11.10449147654336
11.158840786475952
11.213456101159549
11.268338722515505
11.323489958837227
11.378911124821418
11.434603541599323
11.490568536768308
11.546807444423449
11.603321605189345
11.660112366252129
11.717181081391486
11.774529111013027
11.832157822180635
11.890068588649088
11.948262790896836
12.006741816158844
12.065507058459723
12.124559918646918
12.183901804424107
12.243534130384804
12.303458318046003
12.363675795882141
12.424187999359074
12.484996370968384
12.54610236026168
12.607507423885188
12.669213025614521
12.731220636389459
12.793531734349148
12.856147804867234
12.919070340587297
12.982300841458482
13.045840814771175
13.10969177519301
13.173855244804916
13.238332753137414
13.303125837207133
13.368236041553356
13.433664918274935
13.499414027067186
13.565484935259189
13.63187921785104
13.69859845755145
13.765644244815494
13.833018177882455
13.900721862814008
13.968756913532436
14.037124951859115
14.105827607553234
14.174866518350548
14.244243330002519
14.313959696315468
14.384017279190015
14.454417748660767
14.525162782936
14.596254068437801
14.667693299842146
14.73948218011941
14.811622420574865
14.884115740889515
14.95696386916113
15.030168541945354
15.103731504297212
15.177654509812575
15.251939320670058
15.32658770767304
15.401601450291775
15.476982336705934
15.552732163847132
15.62885273744179
15.705345872054256
15.782213391129925
15.859457127038844
15.937078921119268
16.015080623721673
16.09346409425275
16.172231201219798
16.25138382227529
16.330923844261534
16.41085316325578
16.49117368461529
16.57188732302283
16.652996002532348
16.734501656614718
16.81640622820399
16.898711669743555
16.981419943232744
17.06453302027369
17.148052882118137
17.231981519714875
17.316320933757016
17.401073134729856
17.486240142958643
17.571823988656842
17.65782671197451
17.744250363046895
17.831097002043386
17.918368699216497
18.00606753495132
18.094195599815134
18.1827549946071
18.271747830408536
18.36117622863307
18.451042321077267
18.54134824997154
18.63209616803104
18.723288238507156
18.81492663523893
18.90701354270494
18.999551156075437
19.09254168126454
19.185987334982954
19.279890344790683
19.374252949150286
19.46907739748007
19.564365950207797
19.660120878824635
19.756344465939137
19.85303900533184
19.950206802009788
20.047850172261555
20.145971443712504
20.24457295538013
20.34365705773
20.443226112731633
20.54328249391486
20.643828586426455
20.744866787086877
20.84639950444755
20.94842915884813
21.050958182474325
21.15398901941578
21.257524125724373
21.36156596947285
21.466117030813457
21.5711798020373
21.676756787633558
21.782850504349277
21.889463481249404
21.996598259776952
22.10425739381374
22.212443449741116
22.32115900650121
22.43040665565847
22.5401890014613
22.650508660904286
22.76136826379044
22.872770452794047
22.98471788352351
23.09721322458469
23.21025915764466
23.32385837749541
23.43801359211827
23.55272752274836
23.66800290393944
23.783842483629254
23.900249023204815
24.017225297568427
24.134774095203685
24.252898218242017
24.371600482529526
24.490883717693986
24.61075076721246
24.731204488478884
24.852247752872408
24.973883445825646
25.096114466893535
25.21894372982254
25.34237416261993
25.466408707623778
25.591050321572936
25.716301975677545
25.84216665569003
25.968647361976004
26.09574710958604
26.22346892832737
26.351815862836155
26.480790972650183
26.610397332281583
26.74063803129034
26.871516174357744
27.003034881360595
27.135197287445383
27.268006543103105
27.401465814244506
27.53557828227525
27.670347144172087
27.80577561255877
27.941866915782807
28.07862429799245
28.216051019213854
28.354150355428995
28.492925598653596
28.632380057015652
28.772517054834417
28.91333993269939
29.05485204755025
29.197056772756603
29.339957498198554
29.48355763034754
29.627860592347382
29.77286982409607
29.918588782327564
30.065020940694435
30.212169789850442
30.360038837533814
30.50863160865102
30.65795164536052
30.808002507157486
30.958787770958423
31.110311031186537
31.262575899857488
31.415586006665315
31.569344999069173
31.72385654238009
31.879124319848415
32.035152032751725
32.191943400482835
32.34950216063871
32.5078320691093
32.66693690016734
32.826820446558116
32.98748651958994
33.148938949225084
33.31118158417092
33.474218291971866
33.63805295910137
33.80268949105468
33.968131812441975
34.134383867081766
34.30144961809515
34.46933304800002