253.09204138076385
322.5389151181611
405.3868098487371
503.2647760550303
617.869684748272
751.0175388453774
904.6001966407179
1080.6221318722617
1281.228857669627
1508.458820501059
1764.705232422761
2052.261412760851
2373.6402256665265
2731.316349757308
3127.958088536397
3566.337078702084
4049.2488162306763
4579.582527723899
5160.356121665714
5794.68935735366
6486.023930708505
7237.202148953343
8052.2098999671
342.6995229849377
436.73457924790836
548.9232047802923
681.4643308046234
836.6512509662894
1016.9178028952853
1224.8953529000164
1463.2709358947118
1734.9075143288705
2042.535533312917
2389.5411778451066
2778.914416798655
3214.021172207789
3698.3482357248276
4235.372446030283
4829.017656625166
5482.93892841281
6201.104637703004
6987.679079551398
7846.899263790096
8782.649374766468
9799.938936465558
10902.799474330886
456.0681415077164
581.2175371520359
730.4381991977175
906.887715772018
1113.4014083523664
1353.323172659826
1630.1241718846743
1947.3682367050087
2308.762237102707
2718.197709668366
3179.816077528724
3698.1067683928977
4277.2404506420135
4921.756741457939
5636.585786127119
6426.470211675167
7296.758928848893
8252.522640187964
9299.06146293663
10442.50465548933
11687.8844395718
13041.71622621675
14509.806418099313
597.6223725908027
761.6406681531336
957.2414459230924
1188.4004474920594
1458.97009024321
1773.4348483602482
2136.1514584697334
2551.7925628286966
3025.374196269882
3561.9919457335977
4167.01727341099
4846.041613102901
5604.8284848346
6449.3949017966115
7386.113180401619
8421.216665527698
9561.612250887292
10814.163585980967
12185.749968915923
13683.90282006875
15316.057284030623
17090.009196729956
19013.453251969386
772.3466613485433
984.3051014739251
1237.1364519902236
1535.8100421182742
1885.5945815083237
2291.9293680279097
2760.53629319356
3297.822637676656
3909.899163659005
4603.364161025612
5385.3869121018515
6262.655727730307
7243.267818014949
8334.675410003249
9545.56347785611
10883.144209147096
12357.161918248728
13975.312142338675
15748.417296396177
17684.470236510762
19793.736331253054
22086.121142065003
24572.602220373337
985.7088657855871
1256.2365893209558
1578.9105652167268
1960.1276959180059
2406.4930248614282
2925.1764884978775
3523.3322118180627
4208.933681488162
4989.841634061124
5875.204294125053
6873.071613676284
7993.137909552854
9244.713569833593
10637.643916631125
12183.026002506072
13890.387968494668
15770.682609635145
17836.644953356168
20099.136653161513
22570.399351090855
25262.45133502859
28188.46360916577
31363.524021073077
1243.8617207083116
1585.2172309975674
1992.430843397626
2473.45911687323
3036.8078343045695
3690.915547488263
4445.932814400521
5311.15383859291
6296.998084951253
7413.884907364703
8672.652964528068
10086.431379591824
11665.896614734047
13423.746803130289
15373.29646647165
17527.86680281734
19901.41238683788
22507.94410194671
25363.011152806324
28480.923123390152
31877.39970569547
35570.58425617649
39573.577242004794
1553.42044240041
1979.8045334909239
2488.3107430100677
3089.107997855498
3792.5771189321217
4609.828147035029
5552.601181763025
6633.212356562917
7864.160898247149
9259.051581057995
10831.758864516674
12596.942879054757
14569.252237719884
16764.92698170256
19199.77004052729
21890.52739072977
24854.99583472626
28110.304041547493
31675.405305679626
35569.18347601716
39811.96884071154
44424.68541874686
49424.32224183685
1921.8091840147817
2449.2123448497427
3078.4017337647288
3821.7485050961977
4691.96385826176
5702.97149831789
6869.294913829241
8206.091279975608
9729.0753152984
11454.80418961638
13400.61807485859
15584.425898408233
18024.60272255555
20740.08424259999
23752.539736438055
27081.363124844404
30748.552042555268
34775.909472128355
39186.6340775019
44003.963459720224
49255.14056923322
54958.46141996764
61144.35888607723
2356.9812458449787
3003.747837259811
3775.4181262946163
4686.952368107201
5754.402490673105
6994.228556037695
8424.728217444148
10064.450478111528
11932.252731709208
14048.435879443696
16434.430789648184
19112.75953001053
22105.323214299628
25435.452909895706
29130.649089935323
33213.300693388905
37710.83921550101
42650.12061324695
48059.055861435234
53968.81092807786
60407.893918486574
67401.8509474671
74988.85064280085
2867.664498969012
3654.640231915637
4593.438977618235
5702.348648145263
7000.937371275039
8509.62633020689
10249.92047576621
12244.61668591881
14517.032144389612
17092.08868544668
19995.290396082688
23253.636258304916
26894.640906371216
30947.13842636677
35441.03496180463
40408.844117965244
45881.38620326736
51890.32374295694
58471.698732194425
65660.60716754191
73492.18091991081
82004.25223211406
91233.22809974982
3463.2113868498054
4413.54727041412
5547.475283032835
6886.676779115882
8454.879006565745
10276.739770177965
12378.964233716715
14787.48741031258
17532.00276926118
20641.537891213513
24147.934817777514
28083.012834878104
32480.11948232022
37374.69605043019
42802.56189692971
48801.037798472724
55409.3747607001
62667.403667958846
70615.37285366487
79300.40346400942
88755.12345912082
99034.87201840714
110183.5840258588
4153.924296792504
5293.842885844603
6653.679469556055
8259.945222495482
10140.791268031806
12326.33711150078
14847.758318050726
17736.30070308901
21028.14665552986
24758.227708507642
28963.809970980503
33683.32380725443
38958.15483826575
44827.95387787276
51338.32929349564
58533.035374416984
66459.10402514983
75163.14193983197
84697.39519170398
95114.19928945496
106454.97616864783
118784.09547617026
132156.34553282894
4950.503235572667
6309.022380333251
7929.625453276788
9844.024741850124
12085.704597166949
14690.319514233088
17694.37861061058
21138.007018850014
25060.862338229916
29506.552831972658
34518.480295019624
40144.44290387672
46428.786483113676
53425.26080435259
61183.74997901452
69757.31402576271
79204.40197366249
89579.05649875618
100941.03416335088
113354.27962539146
126868.88384685596
141568.02447298108
157504.94810304145
5864.857606384609
7474.4052453069235
9394.396296496934
11662.319386983361
14317.711890751216
17403.802197340185
20963.329275030897
25043.12252577525
29690.19499909717
34956.970275655935
40894.95869953635
47558.91367339324
55005.99173514892
63294.50099333113
72486.73886083199
82643.36842771857
93835.43556505273
106126.09069352744
119595.55358982719
134293.7202031598
150304.409936436
167714.621489806
186595.49907482846
6909.521043915429
8805.622462108935
11068.003253571964
13739.846623570933
16869.3170861411
20504.593361035946
24698.12611022086
29504.479636889977
34980.181195410754
41184.57459565111
48180.28455229237
56031.56262559681
64805.82297556564
74569.80072661578
85399.45264926257
97370.74157664434
110552.26153627197
125033.57346984622
140897.4874184472
158211.28412137183
177082.63028475607
197596.57307322705
219834.98476165626
8098.460691268533
10320.881156896197
12972.078829734653
16103.873124301694
19771.477088353255
24032.28105279896
28947.256461133424
34581.057614225974
40998.114928048046
48270.78514790304
56468.81649885068
65669.7596451991
75957.80996526177
87398.87756116458
100089.24959123968
114117.01438587699
129569.74997959736
146549.29335954392
165129.3274914883
185425.73137268453
207548.0921235421
231589.32197312333
257659.2604313806
9445.466691031388
12037.450372624797
15129.529418401798
18782.302285069516
23059.708796448544
28029.182418862554
33761.99281181765
40331.88134927106
47816.13986355435
56298.95944594044
65860.55082587148
76597.06960178935
88584.97385743164
101934.71657390277
116737.55025932979
133092.1529791385
151115.4304825857
170923.30016349378
192601.99828111273
216274.3841422962
242068.97175024086
270107.7789027991
300513.18584324134
10965.8665516737
13975.299720914532
17565.186755860774
21806.103032771247
26771.921052118323
32541.247967654774
39195.75611889163
46824.588451301606
55514.33238719656
65361.646675359974
76464.42852762401
88926.79522042422
102846.57934155015
118348.80395583488
135534.4084779368
154527.19341974877
175456.01165283538
198428.35807633254
223597.6088939807
251085.4020553251
281038.55160863104
313589.0259000415
348884.4390695318
12676.234145128885
16154.924784792018
20304.80870786379
25207.171020625527
30947.293089803694
37616.69074900603
45309.69057899746
54125.70763792223
64173.367284829124
75556.41935040707
88389.94757684779
102793.22427538646
118888.67811416059
136808.37502273166
156672.4672440212
178634.18598823837
202818.56369977578
229377.28720170356
258472.3001125058
290249.3216616437
324863.68174529925
362497.98198042077
403301.946885304
14593.429247926333
18598.324460029256
23375.77531813925
29019.298262649176
35628.68209255391
43307.7691962205
52164.69167977831
62314.97523787713
73880.15456971007
86982.4190201385
101762.5325929246
118341.59732076978
136872.29002344215
157497.70533585545
180372.9555814206
205658.17912459237
233494.5306976208
264076.2680706374
297563.9899387047
334150.114337414
374012.38809464587
417331.5366181644
464310.07389181806
16736.319674646908
21329.408013331948
26808.271360415692
33280.87293467486
40859.99526912431
49667.03121242351
59825.80259456013
71467.59196847925
84727.84858145639
99758.91560812369
116701.48492714508
135718.1811654858
156967.13205223292
180625.37524239733
206855.82717190357
235844.94296976956
267776.8479156048
302841.3950938017
341262.0893439993
383211.460543585
428924.7611660346
478607.6949428917
532487.0810361553
19123.653325547028
24371.784309921077
30632.602644436098
38028.302186930756
46688.84714728818
56750.63254164192
68356.91004777957
81660.6296480577
96815.65796199876
113986.5204600707
133348.00731057292
155078.57935599508
179362.13340138324
206388.88183929943
236360.06968758279
269487.56155856134
305970.4977379116
346060.1553925871
389938.9111822192
437874.3314083771
490114.7186370681
546879.5420385045
608431.6719622426