253.09173799683307
331.3604904303875
427.56515071953817
544.5451159334757
685.4397457714772
853.7132347585632
1053.0399822243596
1287.4752752817487
1561.3820992695269
1879.6277852578005
2247.153979252893
2669.4363105200705
3152.3392259954853
3702.12930970625
4325.302867472387
5028.966548903475
5820.644351235244
6708.282108547382
7700.2773206729635
8805.455684111528
10033.366100529856
11393.333565609393
12895.820720068345
333.87058250232155
436.7421321057473
563.056308521765
716.5271476635827
901.2385961743558
1121.6277868152326
1382.4900404569673
1689.1971820199187
2047.3434436864115
2463.085604571836
2942.9165864524493
3493.9798062279056
4123.835239870913
4840.486460917717
5652.382722129501
6568.886213216129
7599.474724805514
8754.550487674906
10044.634630557239
11481.474249145329
13076.951448475858
14843.720693358784
16795.549984915047
433.8856668412293
567.0788095914
730.5082361440083
928.9050641622388
1167.5463060086238
1452.0679488296596
1788.5736625445957
2183.9743018795316
2645.411413669161
3180.683793137451
3806.0535189217476
4507.143347268124
5316.758268440666
6237.613400809918
7280.526347027765
8457.085067646583
9779.53548743726
11261.04765420773
12915.265937049347
14757.040555393614
16801.328374884564
19064.42720822863
21563.00227741356
556.3304019731947
726.5391449820572
935.1741048996931
1188.341795494932
1492.62377595425
1855.1092669203335
2283.6197218133575
2786.8000044629807
3373.625946783984
4054.0702437275977
4838.677510004441
5738.705662929581
6766.408757820437
7934.572052945791
9256.976023567528
10748.204463471873
12423.911128581138
14300.261813628333
16394.533460542818
18725.12682744821
21311.264035403692
24172.608125251845
27332.175476037242
704.7432617726572
919.6869447782427
1182.980047582478
1502.1799275579015
1885.6840200771132
2342.0440711141073
2881.331001062252
3514.185988659003
4251.934679192746
5106.874621640436
6092.074132057178
7221.908239725238
8510.884882490722
9976.037694110815
11633.644493651214
13502.056038560586
15600.859520325117
17949.769777506393
20570.80038745634
23486.788362245523
26721.293456958207
30299.65050509063
34248.18827545506
883.0315825952952
1151.5447450514134
1480.2245269329333
1878.44531384349
2356.541879615546
2925.146431593585
3596.6868399424284
4384.364236694185
5301.840301775877
6364.850995175008
7589.1731424125455
8992.446304734856
10593.064453796445
12410.890980989854
14466.639662147747
16784.004671586223
19385.25563443002
22295.79681768221
25542.528321976588
29152.86267241789
33156.47073323821
37583.55203695667
42468.14651938731
1095.3015856809207
1427.5779145828194
1833.9095670932095
2325.729533634422
2915.7779080108603
3617.7282724302086
4445.986092464965
5416.797022370717
6547.287850741779
7856.08807891991
9363.109732130863
11089.410645373327
13057.816558779306
15292.060403826456
17818.757587025426
20664.60752152077
23858.156513583694
27431.371090385164
31414.679511036225
35842.85574304367
40752.38077369848
46180.00116449952
52164.84666265567
1346.5771733608492
1753.7445872912133
2251.6149148943464
2853.9681941252697
3576.0847004935904
4434.46730248867
5446.975578855044
6633.149653318546
8013.754290067893
9611.83206931262
11450.137097727587
13555.370474290019
15954.966881904575
18678.182014289214
21755.981720984186
25221.47420494562
29109.50326953011
33456.582516515955
38302.31655357059
43687.50329030142
49656.98943287165
56252.66308256954
63525.942543908095
1641.527072572522
2136.6091757585455
2741.637479033258
3473.215112302765
4349.697745166767
5391.120112646135
6618.786631059024
8056.497635217252
9729.162523142124
11663.617571026047
13889.017184281638
16436.266091530386
19338.478749690094
22630.751127307332
26350.277180230067
30536.591537695633
35232.19704071908
40480.894672857656
46329.46715312408
52827.67781811424
60025.588306967235
67980.90468088129
76750.66062493042
1985.7298238710232
2583.216921011875
3312.7267811582087
4194.774937188139
5250.841246007314
6504.73679272827
7982.344103243273
9712.023192285194
11723.332527819746
14048.478979372348
16722.331762360605
19781.42572452242
23266.101009039965
27217.134524154848
31679.74146193138
36700.830354853286
42330.19005801717
48620.93884204161
55629.38184480201
63411.927881321746
72033.16901076782
81555.69116018015
92047.76720780824
2385.0563322857734
3101.0359703779745
3975.009732100361
5030.574351447571
6294.134149034281
7793.59763522914
9560.454945590165
11626.676842030938
14028.795968102715
16804.57826648688
19995.447466111174
23646.406015510853
27799.648278084853
32509.643019853414
37827.52185262893
43809.42028237537
50512.59480531927
58002.486974510975
66341.02289451523
75603.11981679517
85858.5880253199
97181.50624033439
109659.79013861094
2845.621217761857
3698.2684686899943
4738.148569838503
5994.035354443243
7495.693513972163
9277.853102151566
11375.837827717945
13828.921775749797
16679.775537575755
19972.849588325356
23756.63379529999
28082.805164718502
33006.29235285785
38585.8308307245
44883.27521614262
51964.030858497485
59897.54600874597
68759.53630199237
78623.18223523784
89575.72063395694
101697.91538903344
115083.19664531507
129825.08008830636
3374.9086239012872
4383.769031688036
5613.858144595588
7098.397609175465
8873.25407222672
10978.204460566318
13455.144698594979
16350.562011687873
19713.952540757735
23596.777491442353
28058.155468671685
33156.57996984182
38958.14050913432
45528.322525439704
52942.49907788739
61276.43108836033
70611.66458905434
81033.2768517569
92637.03697453969
105513.78166380711
119758.80626705967
135487.82007065168
152805.86360187942
3979.502876266671
5166.766735712368
6613.625879916166
8358.961367107351
10444.992188032029
12917.302613665022
15826.125262978298
19224.7995027678
23170.641349917627
27725.55917169034
32956.09039025953
38931.40070729664
45728.37257261798
53425.36425460162
62105.60919914091
71863.54769019003
82788.65125986813
94985.3114767754
108556.18364231478
123613.26453159376
140267.8384963652
158651.26481145827
178885.52963496483
4667.360869660616
6057.221300262558
7750.300307941794
9791.533802150258
12230.541972742038
15119.826102299641
18517.579635855844
22486.241894992116
27090.79819121787
32407.67187626218
38508.92142379235
45478.01999600321
53401.08828306679
62371.387014648346
72484.59498668762
83850.12325308379
96573.38092747027
110767.17745266714
126567.61903956949
144081.15295483047
163460.1445678937
184837.34504993208
208365.35573540165
5446.897896580099
7065.940940783475
9037.422670783128
11413.218231552079
14250.403326046275
17611.055835527528
21561.04725707811
26173.061720521877
31524.078827993373
37697.10075213858
44780.32762643585
52868.102078888405
62062.19524029215
72465.81334229332
84193.5760161017
97366.55717355799
112111.96431775851
128560.09966651018
146862.56034221282
167125.8466922839
189579.12453339197
214326.61733894123
241555.61490057333
6326.656069895032
8204.152020100739
10490.653345026887
13241.696434888563
16527.399050106404
20418.28250086775
24989.167261770173
30324.851975067842
36513.635829470775
43650.59213705768
51836.539625961625
61181.40177598864
71800.01701295418
83814.8242882756
97356.88079024156
112555.9337229682
129571.57428545746
148551.2596019411
169642.38819866668
193037.7672879932
218898.23102276542
247416.30188328036
278794.64861818904
7316.511163103932
9483.878864768096
12120.862894233409
15296.3025169574
19085.61356055179
23570.022259057594
28837.6622257655
34984.58555046801
42111.25067951949
50327.02179412555
59749.21951640146
70500.85641752635
82715.44452858403
96532.93849304793
112095.41410650923
129560.20457973392
149118.35705877197
170916.52207387937
195149.6821638944
222005.83638055128
251693.62968624808
284429.5823736785
320432.3351912047
8425.920383714121
10918.01125721694
13948.673870172535
17597.037159367155
21949.12568923335
27097.88980772463
33143.54914999706
40196.38279766583
48370.765626140885
57792.58263863845
68592.18667091457
80913.49388369212
94904.20201346064
110731.3828174146
128555.66725064117
148562.79763627713
170932.22716071134
195880.24975254567
223597.19682986615
254317.46291026054
288267.1423517719
325685.4639441201
366840.13331617176
9665.51067455702
12519.91410052767
15989.75492219072
20165.677584389032
25145.052599430193
31033.662798411355
37946.17357499988
46008.223737065695
55348.18097468888
66110.70105325893
78443.93702897924
92512.89738858759
108485.8870482088
126544.31679730026
146883.30277478122
169699.9865663021
195206.89357184467
223645.75233429947
255239.2493729481
290250.14246295794
328927.30325805413
371556.55213982664
418432.05219452566
11046.388107869716
14303.72164101208
18262.09580755667
23024.09472272038
28701.04111962612
35412.43657221988
43288.73522452861
52469.40404075184
63108.01363088339
75355.65477609073
89392.03067898253
105397.08029109555
123567.07896635243
144097.487128462
167223.6682976212
193152.2439204337
222144.4860522188
254444.16429157174
290323.9720618331
330088.179465108
374007.3484509389
422404.8318585593
475596.6891334881
12580.642263490021
16284.786874845788
20785.096660593517
26196.28740196463
32645.735380773374
40269.35376316725
49212.37016030278
59632.22649184899
71702.98668733051
85601.0882153048
101525.14831900867
119669.52777663198
140263.71784302374
163511.06916250451
189729.35070116437
219107.95684636437
251943.34861502922
288520.73557228217
329151.5573029888
374149.95807388553
423852.0727987559
478623.34540491435
538781.93438285
14279.702528897536
18478.86600474744
23578.52895476066
29708.906298731647
37012.623792962906
45642.49478151841
55764.89332501774
67554.18449308998
81208.86513848919
96925.30773826789
114913.89529074603
135436.0875163342
158709.33619180488
184999.84992338595
214586.0895902409
247761.01425594412
284834.2257694176
326122.02154127206
371976.115711761
422752.57658065
478828.7636700535
540577.2270815956
608484.4647562881