42.46418832048737
47.682880276889236
51.809757345865364
54.96365120779751
57.313107084483114
59.03152965551971
60.27210757885429
61.15900360842264
61.787739051879036
62.23168620686151
62.54405816786305
62.76325600811835
62.916861032826375
63.02434336935494
63.099028501602405
63.15144173802154
63.1881087416283
63.213708684200135
63.231578110201575
63.24404950576363
63.25275268847539
63.258825683575296
63.26306317291943
76.5260097043844
84.88426895113828
91.41102057788751
96.35100343568674
100.00716833491568
102.66699285935798
104.5794459680583
105.94239045480593
106.90701586450163
107.58756270597529
108.06612839791399
108.40181309393702
108.6368971415575
108.80131950215538
108.91628136120622
108.99657599679995
109.05263886732516
109.09177732949074
109.119095380382
109.1381604289053
109.15145773879365
109.1607410991923
109.16721856284904
132.78878639150517
145.76578569871654
155.78927183565014
163.31514983679924
168.85079438089568
172.86099308431878
175.73655757355615
177.78049406599467
179.2263277529263
180.24480910192017
180.9601679159073
181.46160436677292
181.81262681872593
182.0581031275045
182.22967945612012
182.34950005407424
182.43316470563835
182.49156762816716
182.53233004345913
182.56078210499413
182.58063260217412
182.5944836893068
182.60414817395068
222.9025532791541
242.5057835456983
257.5044606407709
268.6897622202226
276.8757114828223
282.7860989432247
287.00922499598846
290.0079542223585
292.1260336382571
293.6163355932718
294.66221971041995
295.39523319380993
295.9082560346078
296.26682220948214
296.51736624195695
296.69234119438397
296.8144559360869
296.8997402069949
296.95926210965524
297.0007994182767
297.0297840310021
297.05000835417263
297.0641195772344
363.35019871335805
392.2519764007713
414.1903778683779
430.4544497033327
442.3056809767738
450.8339985149817
456.91732847285095
461.23607033272344
464.27724719908593
466.41566652838526
467.91594026484825
468.9664905567032
469.70065091068795
470.21444306837174
470.57340406753485
470.82406186798346
470.9990543386372
471.1207990442535
471.2060431941185
471.2655293009771
471.30691903175176
471.33590717073014
471.35611528883015
576.9801537385142
618.7138974673744
650.1202958574285
673.3647924400751
690.2040840481476
702.2867034809334
710.8864002350417
716.9716013312507
721.2611800952344
724.2749736601797
726.3882343180616
727.8678723019542
728.9041752244314
729.6286536346415
730.1339586138563
730.4867167527261
730.7329739611918
730.9048531668568
731.0246571172713
731.1083609818163
731.1667674685136
731.2075203282218
731.2359546006604
895.0517166181106
954.1519012100928
998.4098469424945
1030.9000763085662
1054.4063512453429
1071.236176382883
1083.19651545316
1091.6509015531863
1097.6035147450805
1101.7835574274766
1104.7128353455596
1106.7634076278832
1108.1974142691738
1109.1997041970521
1109.89951361628
1110.3881320422288
1110.7292141736539
1110.9672692240983
1111.1335272972847
1111.2494532587266
1111.3303425106803
1111.3867821212907
1111.4261611838147
1359.4365079730844
1441.7413521260394
1502.9743243167677
1547.767290388258
1580.0867922982325
1603.1925606146326
1619.5794900034093
1631.1511945018694
1639.291474918673
1645.0048615970172
1649.002733031156
1651.8041288395336
1653.7622150085815
1655.1303063990676
1656.0857546147724
1656.752898418118
1657.2185271358985
1657.5436370508326
1657.7704164265617
1657.9286618211731
1658.0390194139134
1658.1160611924875
1658.1698145187631
2025.5661418841603
2138.3726446212017
2221.951303925558
2282.834521410474
2326.655915211347
2357.9054947079353
2380.122959712231
2395.669636645662
2406.652217278417
2414.3586391473723
2419.753965051688
2423.529676517719
2426.168286459746
2428.0116819738296
2429.298595998363
2430.1972847995685
2430.824570147238
2431.2623517034913
2431.5678495364987
2431.7810213005178
2431.9297623560956
2432.0335433454575
2432.105952722193
2965.99626043051
3118.3673812810293
3230.8307698125777
3312.5145063050354
3371.1540739306265
3412.905954336667
3442.4563324015935
3463.292466832058
3477.927394094382
3488.2585752064674
3495.425757202509
3500.451710561415
3503.964314561508
3506.417989417846
3508.130600259847
3509.326678629815
3510.161646470665
3510.7442561850617
3511.1508126278136
3511.434498112736
3511.6324385869502
3511.77054663138
3511.866906051448
4274.391477988095
4477.727210174343
4627.145901056278
4735.364105656547
4812.996437711046
4868.135017679946
4907.113590091201
4934.571163885678
4953.85597668937
4967.410139735341
4976.87175463289
4983.488823312765
4988.112178475885
4991.341544750874
4993.596531215792
4995.1714878831235
4996.270304107773
4997.037019114934
4997.57203958142
4997.94544984933
4998.205930981035
4998.387674257729
4998.514477967361
6070.489483145738
6338.676586248824
6535.093258699166
6676.97796751103
6778.436494753073
6850.48783785222
6901.380044107443
6937.199358868897
6962.281334708071
6979.9015784620115
6992.231129570405
7000.84752625859
7006.933189091446
7011.140223941184
7014.077536016493
7016.127885802757
7017.558882085106
7018.568624555313
7019.265464537199
7019.75169311159
7020.090952428578
7020.32765982637
7020.492811893658
8505.546740677752
8855.339186939938
9110.740456499461
9294.801097177462
9426.214085520609
9519.485883834788
9585.288992217624
9631.555286970668
9664.023806596819
9686.732502835506
9702.657316804158
9713.769162672721
9721.541023945932
9726.970819090018
9730.759858948984
9733.404827006838
9735.250639531281
9736.538976307542
9737.437854681562
9738.065052600175
9738.502668709141
9738.808000146255
9739.0210309614
11769.63682291557
12221.392983696896
12550.314834774701
12786.833655501103
12955.582261253028
13074.963935959593
13159.247243365817
13218.476575798612
13260.027460580031
13289.114623335707
13309.463159306964
13323.689098195007
13333.627096106631
13340.57315309544
13345.417557810788
13348.795260577117
13351.153436896455
13352.80035082442
13353.950335228887
13354.752182035723
13355.311653257266
13355.702003393966
13355.974351337169
16099.29060901768
16677.308341541568
17096.993274067252
17398.339443360874
17613.259518744348
17765.070421399018
17872.06365311094
17947.24816693067
17999.965431231165
18036.871648435157
18062.687666611142
18080.72727035257
18093.329978611193
18102.130104156728
18108.27341480271
18112.561249694434
18115.553645241314
18117.641795368618
18119.09885626551
18120.115514533656
18120.82486233791
18121.319781574897
18121.66508673285
21785.663139340642
22518.85537872809
23049.97548430587
23430.563602286653
23701.207824879602
23892.581646203183
24027.373519735793
24122.048220437227
24188.416203334655
24234.87194410814
24267.360467229137
24291.734444467747
24307.582076121977
24318.654562443324
24326.383902205904
24331.778592482002
24335.543371072392
24338.1704707279
24338.361393852756
24339.616280453632
24340.508609470115
24341.131194655693
24341.565571412288
29186.362145844138
30109.005636334925
30775.890886750196
31253.064053930397
31591.967631048934
31831.427077914643
32000.003814427735
32118.348041190602
32201.281742239422
32259.32700359864
32299.906893294014
32328.264747308614
32348.071694860497
32361.90016322173
32371.553033383483
32378.290089681086
32382.991582962564
32386.272292906415
32388.5614538894
32390.15868734387
32391.273107543057
32392.050645373
32392.593131300244
38737.401670931875
39888.23596524099
40719.52511461689
41315.55275044501
41736.969720214525
42034.53593470065
42246.623783476294
42390.79558202159
42493.73787298914
42565.76470576071
42616.11997905198
42649.11984552985
42673.696830440786
42690.850875636424
42702.82378774408
42711.18058025483
42717.012326636504
42721.08168562304
42723.92111623419
42725.90228310076
42727.28457591277
42728.24900765737
42728.92188774019
50959.95074054358
52389.15785599188
53418.43482215269
54152.66420101147
54673.2083994231
55040.4822333906
55298.776650752414
55480.002175146445
55606.90255452118
55695.7093400823
55757.77973980686
55801.146088213965
55831.43178480308
55852.58182094348
55867.33958065842
55877.639061343536
55884.82641412126
55889.84165851938
55893.34106504052
55895.78270781088
55897.48627658863
55898.674861216714
55899.504130503046
66490.40864192911
68250.16445514666
69516.01250999818
70419.72434407538
71058.70875671515
71509.2448696024
71825.92511582612
72048.08633327925
72203.6312637902
72312.35353075796
72388.41080507435
72441.54571603137
72478.6511832258
72504.55248911584
72522.63127839376
72535.24830402613
72544.05279775998
72550.19640789145
72554.48310927431
72557.47405865257
72559.56088007461
72561.01685802781
72562.03268472859
86083.14245802295
88239.50147825887
89787.27507436037
90889.04472362825
91668.7792246418
92218.36410766577
92604.48674179244
92875.2521254172
93064.82709656055
93197.39192148813
93290.04663955364
93354.92788609001
93400.12091825122
93431.51343185348
93453.53630713544
93468.90361998127
93479.62720816101
93487.10986352389
93492.32482966338
93495.96764213734
93498.50926899159
93500.28256170348
93501.51977518253
110637.07104997116
113262.34497684303
115144.00214017405
116481.95369863996
117427.81280426538
118094.35846862746
118562.64151769539
118890.82930315775
119120.54846381994
119281.20130977988
119393.46887988862
119471.88534820071
119526.63868413123
119564.86029528841
119591.53710666769
119610.1540085523
119623.14507826923
119632.209857858
119638.53473348024
119642.94773864094
119646.026728736
119648.1749358432
119649.67372249674
141212.93424764916
144391.8921040085
146667.65800385713
148283.99992813412
149426.39913335646
150230.64467618268
150795.3650499864
151191.0930639525
151468.05002896447
151661.79068004113
151797.1414449826
151891.64893525414
151957.64635220714
152003.7157716096
152035.87006419522
152058.30868478084
152074.00160321654
152084.92703804793
152092.5501335225
152097.8689172231
152101.579867663
152104.16898833308
152105.9753947096